 -0.998004795 -2000.
 -0.998182791 -1900.
 -0.998345525 -1800.
 -0.998494254 -1700.
 -0.998630137 -1600.
 -0.99875424 -1500.
 -0.998867544 -1400.
 -0.998970951 -1300.
 -0.999065293 -1200.
 -0.999151331 -1100.
 -0.999229769 -1000.
 -0.99930125 -900.
 -0.999366368 -800.
 -0.999425665 -700.
 -0.999479641 -600.
 -0.999528753 -500.
 -0.999573423 -400.
 -0.999614036 -300.
 -0.999650944 -200.
 -0.999684473 -100.
 -0.999714917  0.
 -0.999742549  100.
 -0.999767618  200.
 -0.999790352  300.
 -0.999810958  400.
 -0.999829627  500.
 -0.999846534  600.
 -0.999861836  700.
 -0.999875681  800.
 -0.9998882  900.
 -0.999899515  1000.
 -0.999909737  1100.
 -0.999918966  1200.
 -0.999927294  1300.
 -0.999934805  1400.
 -0.999941576  1500.
 -0.999947676  1600.
 -0.999953169  1700.
 -0.999958112  1800.
 -0.999962558  1900.
 -0.999966554  2000.
 -0.999970143  2100.
 -0.999973366  2200.
 -0.999976257  2300.
 -0.999978849  2400.
 -0.999981172  2500.
 -0.999983252  2600.
 -0.999985113  2700.
 -0.999986778  2800.
 -0.999988265  2900.
 -0.999989593  3000.
 -0.999990779  3100.
 -0.999991836  3200.
 -0.999992777  3300.
 -0.999993616  3400.
 -0.999994362  3500.
 -0.999995025  3600.
 -0.999995614  3700.
 -0.999996137  3800.
 -0.999996601  3900.
 -0.999997012  4000.
 -0.999997375  4100.
 -0.999997697  4200.
 -0.999997982  4300.
 -0.999998233  4400.
 -0.999998455  4500.
 -0.99999865  4600.
 -0.999998822  4700.
 -0.999998974  4800.
 -0.999999107  4900.
 -0.999999224  5000.
 -0.999999326  5100.
 -0.999999416  5200.
 -0.999999495  5300.
 -0.999999564  5400.
 -0.999999624  5500.
 -0.999999676  5600.
 -0.999999722  5700.
 -0.999999762  5800.
 -0.999999797  5900.
 -0.999999827  6000.
 -0.999999853  6100.
 -0.999999876  6200.
 -0.999999895  6300.
 -0.999999912  6400.
 -0.999999927  6500.
 -0.99999994  6600.
 -0.999999951  6700.
 -0.99999996  6800.
 -0.999999968  6900.
 -0.999999975  7000.
 -0.999999981  7100.
 -0.999999986  7200.
 -0.999999991  7300.
 -0.999999994  7400.
 -0.999999997  7500.
 -1.  7600.
 -1.  7700.
 -1.  7800.
 -1.00000001  7900.
 -1.00000001  8000.
 -1.00000001  8100.
 -1.00000001  8200.
 -1.00000001  8300.
 -1.00000001  8400.
 -1.00000001  8500.
 -1.00000001  8600.
 -1.00000001  8700.
 -1.00000001  8800.
 -1.00000001  8900.
 -1.00000001  9000.
 -1.00000001  9100.
 -1.00000001  9200.
 -1.00000001  9300.
 -1.00000001  9400.
 -1.00000001  9500.
 -1.00000001  9600.
 -1.00000001  9700.
 -1.00000001  9800.
 -1.00000001  9900.
 -1.00000001  10000.
 -1.00000001  10100.
 -1.00000001  10200.
 -1.00000001  10300.
 -1.00000001  10400.
 -1.00000001  10500.
 -1.00000001  10600.
 -1.00000001  10700.
 -1.00000001  10800.
 -1.00000001  10900.
 -1.00000001  11000.
 -1.00000001  11100.
 -1.00000001  11200.
 -1.00000001  11300.
 -1.00000001  11400.
 -1.00000001  11500.
 -1.00000001  11600.
 -1.00000001  11700.
 -1.00000001  11800.
 -1.00000001  11900.
 -1.00000001  12000.
 -1.00000001  12100.
 -1.00000001  12200.
 -1.00000001  12300.
 -1.00000001  12400.
 -1.00000001  12500.
 -1.00000001  12600.
 -1.00000001  12700.
 -1.00000001  12800.
 -1.00000001  12900.
 -1.00000001  13000.
 -1.00000001  13100.
 -1.00000001  13200.
 -1.00000001  13300.
 -1.00000001  13400.
 -1.00000001  13500.
 -1.00000001  13600.
 -1.00000001  13700.
 -1.00000001  13800.
 -1.00000001  13900.
 -1.00000001  14000.
 -1.00000001  14100.
 -1.00000001  14200.
 -1.00000001  14300.
 -1.00000001  14400.
 -1.00000001  14500.
 -1.00000001  14600.
 -1.00000001  14700.
 -1.00000001  14800.
 -1.00000001  14900.
 -1.00000001  15000.
 -1.00000001  15100.
 -1.00000001  15200.
 -1.00000001  15300.
 -1.00000001  15400.
 -1.00000001  15500.
 -1.00000001  15600.
 -1.00000001  15700.
 -1.00000001  15800.
 -1.00000001  15900.
 -1.00000001  16000.
 -1.00000001  16100.
 -1.00000001  16200.
 -1.00000001  16300.
 -1.00000001  16400.
 -1.00000001  16500.
 -1.00000001  16600.
 -1.00000001  16700.
 -1.00000001  16800.
 -1.00000001  16900.
 -1.00000001  17000.
 -1.00000001  17100.
 -1.00000001  17200.
 -1.00000001  17300.
 -1.00000001  17400.
 -1.00000001  17500.
 -1.00000001  17600.
 -1.00000001  17700.
 -1.00000001  17800.
 -1.00000001  17900.
 -1.00000001  18000.
 -1.00000001  18100.
 -1.00000001  18200.
 -1.00000001  18300.
 -1.00000001  18400.
 -1.00000001  18500.
 -1.00000001  18600.
 -1.00000001  18700.
 -1.00000001  18800.
 -1.00000001  18900.
 -1.00000001  19000.
 -1.00000001  19100.
 -1.00000001  19200.
 -1.00000001  19300.
 -1.00000001  19400.
 -1.00000001  19500.
 -1.00000001  19600.
 -1.00000001  19700.
 -1.00000001  19800.
 -1.00000001  19900.
 -1.00000001  20000.
 -99999.  0.
 temp: -140.
 -0.996395786 -2000.
 -0.996704343 -1900.
 -0.996987244 -1800.
 -0.997246563 -1700.
 -0.99748421 -1600.
 -0.997701946 -1500.
 -0.997901393 -1400.
 -0.998084044 -1300.
 -0.998251276 -1200.
 -0.998404352 -1100.
 -0.998544438 -1000.
 -0.998672606 -900.
 -0.998789841 -800.
 -0.998897049 -700.
 -0.998995064 -600.
 -0.99908465 -500.
 -0.999166513 -400.
 -0.999241299 -300.
 -0.9993096 -200.
 -0.999371963 -100.
 -0.999428889  0.
 -0.999480836  100.
 -0.999528227  200.
 -0.999571449  300.
 -0.999610856  400.
 -0.999646775  500.
 -0.999679504  600.
 -0.999709317  700.
 -0.999736464  800.
 -0.999761176  900.
 -0.999783664  1000.
 -0.99980412  1100.
 -0.999822721  1200.
 -0.999839629  1300.
 -0.999854993  1400.
 -0.999868948  1500.
 -0.999881617  1600.
 -0.999893116  1700.
 -0.999903547  1800.
 -0.999913005  1900.
 -0.999921578  2000.
 -0.999929345  2100.
 -0.999936378  2200.
 -0.999942744  2300.
 -0.999948502  2400.
 -0.999953709  2500.
 -0.999958415  2600.
 -0.999962665  2700.
 -0.999966503  2800.
 -0.999969965  2900.
 -0.999973087  3000.
 -0.9999759  3100.
 -0.999978434  3200.
 -0.999980716  3300.
 -0.999982768  3400.
 -0.999984612  3500.
 -0.99998627  3600.
 -0.999987758  3700.
 -0.999989093  3800.
 -0.99999029  3900.
 -0.999991363  4000.
 -0.999992324  4100.
 -0.999993183  4200.
 -0.999993951  4300.
 -0.999994637  4400.
 -0.99999525  4500.
 -0.999995796  4600.
 -0.999996283  4700.
 -0.999996717  4800.
 -0.999997103  4900.
 -0.999997446  5000.
 -0.999997751  5100.
 -0.999998021  5200.
 -0.999998261  5300.
 -0.999998473  5400.
 -0.999998661  5500.
 -0.999998828  5600.
 -0.999998974  5700.
 -0.999999104  5800.
 -0.999999218  5900.
 -0.999999319  6000.
 -0.999999408  6100.
 -0.999999486  6200.
 -0.999999554  6300.
 -0.999999614  6400.
 -0.999999666  6500.
 -0.999999713  6600.
 -0.999999753  6700.
 -0.999999788  6800.
 -0.999999819  6900.
 -0.999999845  7000.
 -0.999999869  7100.
 -0.999999889  7200.
 -0.999999906  7300.
 -0.999999922  7400.
 -0.999999935  7500.
 -0.999999946  7600.
 -0.999999956  7700.
 -0.999999965  7800.
 -0.999999972  7900.
 -0.999999978  8000.
 -0.999999984  8100.
 -0.999999988  8200.
 -0.999999992  8300.
 -0.999999996  8400.
 -0.999999999  8500.
 -1.  8600.
 -1.  8700.
 -1.00000001  8800.
 -1.00000001  8900.
 -1.00000001  9000.
 -1.00000001  9100.
 -1.00000001  9200.
 -1.00000001  9300.
 -1.00000001  9400.
 -1.00000001  9500.
 -1.00000001  9600.
 -1.00000001  9700.
 -1.00000001  9800.
 -1.00000001  9900.
 -1.00000001  10000.
 -1.00000001  10100.
 -1.00000001  10200.
 -1.00000001  10300.
 -1.00000001  10400.
 -1.00000001  10500.
 -1.00000001  10600.
 -1.00000001  10700.
 -1.00000001  10800.
 -1.00000001  10900.
 -1.00000001  11000.
 -1.00000001  11100.
 -1.00000001  11200.
 -1.00000001  11300.
 -1.00000001  11400.
 -1.00000001  11500.
 -1.00000001  11600.
 -1.00000001  11700.
 -1.00000001  11800.
 -1.00000001  11900.
 -1.00000001  12000.
 -1.00000001  12100.
 -1.00000001  12200.
 -1.00000001  12300.
 -1.00000001  12400.
 -1.00000001  12500.
 -1.00000001  12600.
 -1.00000001  12700.
 -1.00000001  12800.
 -1.00000001  12900.
 -1.00000001  13000.
 -1.00000001  13100.
 -1.00000001  13200.
 -1.00000001  13300.
 -1.00000001  13400.
 -1.00000001  13500.
 -1.00000001  13600.
 -1.00000001  13700.
 -1.00000001  13800.
 -1.00000001  13900.
 -1.00000001  14000.
 -1.00000001  14100.
 -1.00000001  14200.
 -1.00000001  14300.
 -1.00000001  14400.
 -1.00000001  14500.
 -1.00000001  14600.
 -1.00000001  14700.
 -1.00000001  14800.
 -1.00000001  14900.
 -1.00000001  15000.
 -1.00000001  15100.
 -1.00000001  15200.
 -1.00000001  15300.
 -1.00000001  15400.
 -1.00000001  15500.
 -1.00000001  15600.
 -1.00000001  15700.
 -1.00000001  15800.
 -1.00000001  15900.
 -1.00000001  16000.
 -1.00000001  16100.
 -1.00000001  16200.
 -1.00000001  16300.
 -1.00000001  16400.
 -1.00000001  16500.
 -1.00000001  16600.
 -1.00000001  16700.
 -1.00000001  16800.
 -1.00000001  16900.
 -1.00000001  17000.
 -1.00000001  17100.
 -1.00000001  17200.
 -1.00000001  17300.
 -1.00000001  17400.
 -1.00000001  17500.
 -1.00000001  17600.
 -1.00000001  17700.
 -1.00000001  17800.
 -1.00000001  17900.
 -1.00000001  18000.
 -1.00000001  18100.
 -1.00000001  18200.
 -1.00000001  18300.
 -1.00000001  18400.
 -1.00000001  18500.
 -1.00000001  18600.
 -1.00000001  18700.
 -1.00000001  18800.
 -1.00000001  18900.
 -1.00000001  19000.
 -1.00000001  19100.
 -1.00000001  19200.
 -1.00000001  19300.
 -1.00000001  19400.
 -1.00000001  19500.
 -1.00000001  19600.
 -1.00000001  19700.
 -1.00000001  19800.
 -1.00000001  19900.
 -1.00000001  20000.
 -99999.  0.
 temp: -135.
 -0.994965453 -2000.
 -0.995390279 -1900.
 -0.995779419 -1800.
 -0.996135844 -1700.
 -0.996462282 -1600.
 -0.99676124 -1500.
 -0.997035016 -1400.
 -0.997285722 -1300.
 -0.997515295 -1200.
 -0.997725511 -1100.
 -0.997917999 -1000.
 -0.998094252 -900.
 -0.99825564 -800.
 -0.998403416 -700.
 -0.998538729 -600.
 -0.998662632 -500.
 -0.998776089 -400.
 -0.998879981 -300.
 -0.998975118 -200.
 -0.999062239 -100.
 -0.999142021  0.
 -0.999215083  100.
 -0.999281994  200.
 -0.99934327  300.
 -0.999399388  400.
 -0.999450782  500.
 -0.99949785  600.
 -0.999540955  700.
 -0.99958043  800.
 -0.999616581  900.
 -0.999649686  1000.
 -0.99968  1100.
 -0.999707757  1200.
 -0.999733171  1300.
 -0.999756437  1400.
 -0.999777736  1500.
 -0.999797231  1600.
 -0.999815073  1700.
 -0.9998314  1800.
 -0.999846337  1900.
 -0.999860001  2000.
 -0.999872498  2100.
 -0.999883925  2200.
 -0.999894371  2300.
 -0.999903918  2400.
 -0.99991264  2500.
 -0.999920608  2600.
 -0.999927883  2700.
 -0.999934525  2800.
 -0.999940585  2900.
 -0.999946112  3000.
 -0.999951153  3100.
 -0.999955747  3200.
 -0.999959932  3300.
 -0.999963743  3400.
 -0.999967211  3500.
 -0.999970367  3600.
 -0.999973236  3700.
 -0.999975844  3800.
 -0.999978212  3900.
 -0.999980362  4000.
 -0.999982312  4100.
 -0.999984081  4200.
 -0.999985683  4300.
 -0.999987134  4400.
 -0.999988446  4500.
 -0.999989634  4600.
 -0.999990706  4700.
 -0.999991675  4800.
 -0.999992549  4900.
 -0.999993337  5000.
 -0.999994047  5100.
 -0.999994686  5200.
 -0.999995261  5300.
 -0.999995777  5400.
 -0.999996241  5500.
 -0.999996657  5600.
 -0.999997031  5700.
 -0.999997365  5800.
 -0.999997664  5900.
 -0.999997931  6000.
 -0.99999817  6100.
 -0.999998383  6200.
 -0.999998573  6300.
 -0.999998742  6400.
 -0.999998892  6500.
 -0.999999026  6600.
 -0.999999145  6700.
 -0.99999925  6800.
 -0.999999343  6900.
 -0.999999426  7000.
 -0.999999499  7100.
 -0.999999563  7200.
 -0.99999962  7300.
 -0.99999967  7400.
 -0.999999714  7500.
 -0.999999753  7600.
 -0.999999787  7700.
 -0.999999817  7800.
 -0.999999843  7900.
 -0.999999866  8000.
 -0.999999886  8100.
 -0.999999904  8200.
 -0.999999919  8300.
 -0.999999932  8400.
 -0.999999943  8500.
 -0.999999953  8600.
 -0.999999962  8700.
 -0.99999997  8800.
 -0.999999976  8900.
 -0.999999982  9000.
 -0.999999987  9100.
 -0.999999991  9200.
 -0.999999994  9300.
 -0.999999997  9400.
 -1.  9500.
 -1.  9600.
 -1.  9700.
 -1.00000001  9800.
 -1.00000001  9900.
 -1.00000001  10000.
 -1.00000001  10100.
 -1.00000001  10200.
 -1.00000001  10300.
 -1.00000001  10400.
 -1.00000001  10500.
 -1.00000001  10600.
 -1.00000001  10700.
 -1.00000001  10800.
 -1.00000001  10900.
 -1.00000001  11000.
 -1.00000001  11100.
 -1.00000001  11200.
 -1.00000001  11300.
 -1.00000001  11400.
 -1.00000001  11500.
 -1.00000001  11600.
 -1.00000001  11700.
 -1.00000001  11800.
 -1.00000001  11900.
 -1.00000001  12000.
 -1.00000001  12100.
 -1.00000001  12200.
 -1.00000001  12300.
 -1.00000001  12400.
 -1.00000001  12500.
 -1.00000001  12600.
 -1.00000001  12700.
 -1.00000001  12800.
 -1.00000001  12900.
 -1.00000001  13000.
 -1.00000001  13100.
 -1.00000001  13200.
 -1.00000001  13300.
 -1.00000001  13400.
 -1.00000001  13500.
 -1.00000001  13600.
 -1.00000001  13700.
 -1.00000001  13800.
 -1.00000001  13900.
 -1.00000001  14000.
 -1.00000001  14100.
 -1.00000001  14200.
 -1.00000001  14300.
 -1.00000001  14400.
 -1.00000001  14500.
 -1.00000001  14600.
 -1.00000001  14700.
 -1.00000001  14800.
 -1.00000001  14900.
 -1.00000001  15000.
 -1.00000001  15100.
 -1.00000001  15200.
 -1.00000001  15300.
 -1.00000001  15400.
 -1.00000001  15500.
 -1.00000001  15600.
 -1.00000001  15700.
 -1.00000001  15800.
 -1.00000001  15900.
 -1.00000001  16000.
 -1.00000001  16100.
 -1.00000001  16200.
 -1.00000001  16300.
 -1.00000001  16400.
 -1.00000001  16500.
 -1.00000001  16600.
 -1.00000001  16700.
 -1.00000001  16800.
 -1.00000001  16900.
 -1.00000001  17000.
 -1.00000001  17100.
 -1.00000001  17200.
 -1.00000001  17300.
 -1.00000001  17400.
 -1.00000001  17500.
 -1.00000001  17600.
 -1.00000001  17700.
 -1.00000001  17800.
 -1.00000001  17900.
 -1.00000001  18000.
 -1.00000001  18100.
 -1.00000001  18200.
 -1.00000001  18300.
 -1.00000001  18400.
 -1.00000001  18500.
 -1.00000001  18600.
 -1.00000001  18700.
 -1.00000001  18800.
 -1.00000001  18900.
 -1.00000001  19000.
 -1.00000001  19100.
 -1.00000001  19200.
 -1.00000001  19300.
 -1.00000001  19400.
 -1.00000001  19500.
 -1.00000001  19600.
 -1.00000001  19700.
 -1.00000001  19800.
 -1.00000001  19900.
 -1.00000001  20000.
 -99999.  0.
 temp: -130.
 -0.997150203 -2000.
 -0.997447738 -1900.
 -0.997713063 -1800.
 -0.997949527 -1700.
 -0.998160156 -1600.
 -0.998347683 -1500.
 -0.998514575 -1400.
 -0.998663057 -1300.
 -0.99879513 -1200.
 -0.998912592 -1100.
 -0.999017062 -1000.
 -0.999109987 -900.
 -0.999192666 -800.
 -0.999266261 -700.
 -0.99933181 -600.
 -0.999390237 -500.
 -0.999442369 -400.
 -0.999488938 -300.
 -0.999530596 -200.
 -0.999567922 -100.
 -0.999601428  0.
 -0.999631566  100.
 -0.999658736  200.
 -0.999683291  300.
 -0.999705541  400.
 -0.999725759  500.
 -0.999744183  600.
 -0.999761024  700.
 -0.999776465  800.
 -0.999790665  900.
 -0.999803765  1000.
 -0.999815885  1100.
 -0.999827133  1200.
 -0.999837599  1300.
 -0.999847364  1400.
 -0.999856497  1500.
 -0.999865057  1600.
 -0.999873098  1700.
 -0.999880663  1800.
 -0.999887792  1900.
 -0.99989452  2000.
 -0.999900876  2100.
 -0.999906886  2200.
 -0.999912573  2300.
 -0.999917956  2400.
 -0.999923054  2500.
 -0.999927883  2600.
 -0.999932456  2700.
 -0.999936787  2800.
 -0.999940887  2900.
 -0.999944766  3000.
 -0.999948436  3100.
 -0.999951905  3200.
 -0.999955182  3300.
 -0.999958274  3400.
 -0.999961191  3500.
 -0.99996394  3600.
 -0.999966528  3700.
 -0.999968962  3800.
 -0.999971248  3900.
 -0.999973394  4000.
 -0.999975406  4100.
 -0.99997729  4200.
 -0.999979053  4300.
 -0.9999807  4400.
 -0.999982236  4500.
 -0.999983669  4600.
 -0.999985003  4700.
 -0.999986243  4800.
 -0.999987395  4900.
 -0.999988464  5000.
 -0.999989454  5100.
 -0.99999037  5200.
 -0.999991217  5300.
 -0.999991999  5400.
 -0.999992719  5500.
 -0.999993383  5600.
 -0.999993993  5700.
 -0.999994553  5800.
 -0.999995067  5900.
 -0.999995538  6000.
 -0.999995969  6100.
 -0.999996363  6200.
 -0.999996722  6300.
 -0.99999705  6400.
 -0.999997348  6500.
 -0.999997619  6600.
 -0.999997865  6700.
 -0.999998088  6800.
 -0.99999829  6900.
 -0.999998473  7000.
 -0.999998638  7100.
 -0.999998787  7200.
 -0.999998921  7300.
 -0.999999042  7400.
 -0.99999915  7500.
 -0.999999248  7600.
 -0.999999335  7700.
 -0.999999413  7800.
 -0.999999483  7900.
 -0.999999545  8000.
 -0.999999601  8100.
 -0.99999965  8200.
 -0.999999694  8300.
 -0.999999733  8400.
 -0.999999768  8500.
 -0.999999799  8600.
 -0.999999826  8700.
 -0.99999985  8800.
 -0.999999871  8900.
 -0.999999889  9000.
 -0.999999906  9100.
 -0.99999992  9200.
 -0.999999933  9300.
 -0.999999944  9400.
 -0.999999953  9500.
 -0.999999962  9600.
 -0.999999969  9700.
 -0.999999975  9800.
 -0.999999981  9900.
 -0.999999986  10000.
 -0.99999999  10100.
 -0.999999993  10200.
 -0.999999997  10300.
 -0.999999999  10400.
 -1.  10500.
 -1.  10600.
 -1.00000001  10700.
 -1.00000001  10800.
 -1.00000001  10900.
 -1.00000001  11000.
 -1.00000001  11100.
 -1.00000001  11200.
 -1.00000001  11300.
 -1.00000001  11400.
 -1.00000001  11500.
 -1.00000001  11600.
 -1.00000001  11700.
 -1.00000001  11800.
 -1.00000001  11900.
 -1.00000001  12000.
 -1.00000001  12100.
 -1.00000001  12200.
 -1.00000001  12300.
 -1.00000001  12400.
 -1.00000001  12500.
 -1.00000001  12600.
 -1.00000001  12700.
 -1.00000001  12800.
 -1.00000001  12900.
 -1.00000001  13000.
 -1.00000001  13100.
 -1.00000001  13200.
 -1.00000001  13300.
 -1.00000001  13400.
 -1.00000001  13500.
 -1.00000001  13600.
 -1.00000001  13700.
 -1.00000001  13800.
 -1.00000001  13900.
 -1.00000001  14000.
 -1.00000001  14100.
 -1.00000001  14200.
 -1.00000001  14300.
 -1.00000001  14400.
 -1.00000001  14500.
 -1.00000001  14600.
 -1.00000001  14700.
 -1.00000001  14800.
 -1.00000001  14900.
 -1.00000001  15000.
 -1.00000001  15100.
 -1.00000001  15200.
 -1.00000001  15300.
 -1.00000001  15400.
 -1.00000001  15500.
 -1.00000001  15600.
 -1.00000001  15700.
 -1.00000001  15800.
 -1.00000001  15900.
 -1.00000001  16000.
 -1.00000001  16100.
 -1.00000001  16200.
 -1.00000001  16300.
 -1.00000001  16400.
 -1.00000001  16500.
 -1.00000001  16600.
 -1.00000001  16700.
 -1.00000001  16800.
 -1.00000001  16900.
 -1.00000001  17000.
 -1.00000001  17100.
 -1.00000001  17200.
 -1.00000001  17300.
 -1.00000001  17400.
 -1.00000001  17500.
 -1.00000001  17600.
 -1.00000001  17700.
 -1.00000001  17800.
 -1.00000001  17900.
 -1.00000001  18000.
 -1.00000001  18100.
 -1.00000001  18200.
 -1.00000001  18300.
 -1.00000001  18400.
 -1.00000001  18500.
 -1.00000001  18600.
 -1.00000001  18700.
 -1.00000001  18800.
 -1.00000001  18900.
 -1.00000001  19000.
 -1.00000001  19100.
 -1.00000001  19200.
 -1.00000001  19300.
 -1.00000001  19400.
 -1.00000001  19500.
 -1.00000001  19600.
 -1.00000001  19700.
 -1.00000001  19800.
 -1.00000001  19900.
 -1.00000001  20000.
 -99999.  0.
 temp: -125.
 -1.01366115 -2000.
 -1.01292975 -1900.
 -1.01221807 -1800.
 -1.01152782 -1700.
 -1.01086036 -1600.
 -1.0102167 -1500.
 -1.0095976 -1400.
 -1.00900357 -1300.
 -1.00843488 -1200.
 -1.00789162 -1100.
 -1.00737372 -1000.
 -1.00688096 -900.
 -1.00641298 -800.
 -1.00596934 -700.
 -1.00554949 -600.
 -1.00515282 -500.
 -1.00477865 -400.
 -1.00442627 -300.
 -1.0040949 -200.
 -1.00378375 -100.
 -1.00349202  0.
 -1.00321889  100.
 -1.00296352  200.
 -1.0027251  300.
 -1.00250279  400.
 -1.00229579  500.
 -1.0021033  600.
 -1.00192455  700.
 -1.00175876  800.
 -1.0016052  900.
 -1.00146315  1000.
 -1.00133192  1100.
 -1.00121084  1200.
 -1.00109927  1300.
 -1.0009966  1400.
 -1.00090225  1500.
 -1.00081565  1600.
 -1.00073627  1700.
 -1.00066361  1800.
 -1.00059719  1900.
 -1.00053656  2000.
 -1.00048128  2100.
 -1.00043096  2200.
 -1.00038522  2300.
 -1.0003437  2400.
 -1.00030607  2500.
 -1.00027202  2600.
 -1.00024125  2700.
 -1.00021349  2800.
 -1.00018849  2900.
 -1.00016601  3000.
 -1.00014583  3100.
 -1.00012775  3200.
 -1.00011159  3300.
 -1.00009716  3400.
 -1.0000843  3500.
 -1.00007288  3600.
 -1.00006274  3700.
 -1.00005378  3800.
 -1.00004586  3900.
 -1.00003889  4000.
 -1.00003277  4100.
 -1.00002741  4200.
 -1.00002273  4300.
 -1.00001867  4400.
 -1.00001514  4500.
 -1.0000121  4600.
 -1.00000948  4700.
 -1.00000724  4800.
 -1.00000534  4900.
 -1.00000373  5000.
 -1.00000238  5100.
 -1.00000125  5200.
 -1.00000032  5300.
 -0.999999567  5400.
 -0.999998956  5500.
 -0.999998474  5600.
 -0.999998101  5700.
 -0.999997821  5800.
 -0.99999762  5900.
 -0.999997486  6000.
 -0.999997408  6100.
 -0.999997377  6200.
 -0.999997383  6300.
 -0.99999742  6400.
 -0.999997481  6500.
 -0.999997562  6600.
 -0.999997657  6700.
 -0.999997762  6800.
 -0.999997876  6900.
 -0.999997993  7000.
 -0.999998113  7100.
 -0.999998233  7200.
 -0.999998353  7300.
 -0.999998469  7400.
 -0.999998583  7500.
 -0.999998692  7600.
 -0.999998796  7700.
 -0.999998896  7800.
 -0.99999899  7900.
 -0.999999078  8000.
 -0.999999161  8100.
 -0.999999239  8200.
 -0.999999311  8300.
 -0.999999377  8400.
 -0.999999439  8500.
 -0.999999496  8600.
 -0.999999548  8700.
 -0.999999596  8800.
 -0.999999639  8900.
 -0.999999679  9000.
 -0.999999715  9100.
 -0.999999748  9200.
 -0.999999777  9300.
 -0.999999804  9400.
 -0.999999828  9500.
 -0.99999985  9600.
 -0.999999869  9700.
 -0.999999886  9800.
 -0.999999902  9900.
 -0.999999916  10000.
 -0.999999928  10100.
 -0.999999939  10200.
 -0.999999948  10300.
 -0.999999957  10400.
 -0.999999964  10500.
 -0.999999971  10600.
 -0.999999977  10700.
 -0.999999982  10800.
 -0.999999986  10900.
 -0.99999999  11000.
 -0.999999994  11100.
 -0.999999997  11200.
 -0.999999999  11300.
 -1.  11400.
 -1.  11500.
 -1.00000001  11600.
 -1.00000001  11700.
 -1.00000001  11800.
 -1.00000001  11900.
 -1.00000001  12000.
 -1.00000001  12100.
 -1.00000001  12200.
 -1.00000001  12300.
 -1.00000001  12400.
 -1.00000001  12500.
 -1.00000001  12600.
 -1.00000001  12700.
 -1.00000001  12800.
 -1.00000001  12900.
 -1.00000001  13000.
 -1.00000001  13100.
 -1.00000001  13200.
 -1.00000001  13300.
 -1.00000001  13400.
 -1.00000001  13500.
 -1.00000001  13600.
 -1.00000001  13700.
 -1.00000001  13800.
 -1.00000001  13900.
 -1.00000001  14000.
 -1.00000001  14100.
 -1.00000001  14200.
 -1.00000001  14300.
 -1.00000001  14400.
 -1.00000001  14500.
 -1.00000001  14600.
 -1.00000001  14700.
 -1.00000001  14800.
 -1.00000001  14900.
 -1.00000001  15000.
 -1.00000001  15100.
 -1.00000001  15200.
 -1.00000001  15300.
 -1.00000001  15400.
 -1.00000001  15500.
 -1.00000001  15600.
 -1.00000001  15700.
 -1.00000001  15800.
 -1.00000001  15900.
 -1.00000001  16000.
 -1.00000001  16100.
 -1.00000001  16200.
 -1.00000001  16300.
 -1.00000001  16400.
 -1.00000001  16500.
 -1.00000001  16600.
 -1.00000001  16700.
 -1.00000001  16800.
 -1.00000001  16900.
 -1.00000001  17000.
 -1.00000001  17100.
 -1.00000001  17200.
 -1.00000001  17300.
 -1.00000001  17400.
 -1.00000001  17500.
 -1.00000001  17600.
 -1.00000001  17700.
 -1.00000001  17800.
 -1.00000001  17900.
 -1.00000001  18000.
 -1.00000001  18100.
 -1.00000001  18200.
 -1.00000001  18300.
 -1.00000001  18400.
 -1.00000001  18500.
 -1.00000001  18600.
 -1.00000001  18700.
 -1.00000001  18800.
 -1.00000001  18900.
 -1.00000001  19000.
 -1.00000001  19100.
 -1.00000001  19200.
 -1.00000001  19300.
 -1.00000001  19400.
 -1.00000001  19500.
 -1.00000001  19600.
 -1.00000001  19700.
 -1.00000001  19800.
 -1.00000001  19900.
 -1.00000001  20000.
 -99999.  0.
 temp: -120.
 -1.07256665 -2000.
 -1.06830108 -1900.
 -1.06423476 -1800.
 -1.06036257 -1700.
 -1.05667915 -1600.
 -1.05317891 -1500.
 -1.04985609 -1400.
 -1.04670481 -1300.
 -1.04371913 -1200.
 -1.04089304 -1100.
 -1.0382205 -1000.
 -1.03569552 -900.
 -1.03331211 -800.
 -1.03106435 -700.
 -1.02894641 -600.
 -1.02695254 -500.
 -1.02507711 -400.
 -1.02331458 -300.
 -1.02165959 -200.
 -1.02010689 -100.
 -1.01865137  0.
 -1.01728811  100.
 -1.0160123  200.
 -1.01481935  300.
 -1.01370477  400.
 -1.01266429  500.
 -1.01169377  600.
 -1.01078926  700.
 -1.00994695  800.
 -1.00916321  900.
 -1.00843457  1000.
 -1.0077577  1100.
 -1.00712945  1200.
 -1.0065468  1300.
 -1.00600689  1400.
 -1.00550699  1500.
 -1.00504453  1600.
 -1.00461706  1700.
 -1.00422226  1800.
 -1.00385794  1900.
 -1.00352204  2000.
 -1.00321259  2100.
 -1.00292777  2200.
 -1.00266583  2300.
 -1.00242515  2400.
 -1.00220419  2500.
 -1.00200153  2600.
 -1.0018158  2700.
 -1.00164575  2800.
 -1.00149019  2900.
 -1.00134803  3000.
 -1.00121822  3100.
 -1.00109981  3200.
 -1.00099189  3300.
 -1.00089363  3400.
 -1.00080426  3500.
 -1.00072304  3600.
 -1.00064931  3700.
 -1.00058245  3800.
 -1.00052187  3900.
 -1.00046705  4000.
 -1.00041749  4100.
 -1.00037273  4200.
 -1.00033236  4300.
 -1.00029598  4400.
 -1.00026323  4500.
 -1.00023379  4600.
 -1.00020736  4700.
 -1.00018365  4800.
 -1.00016241  4900.
 -1.00014341  5000.
 -1.00012643  5100.
 -1.00011128  5200.
 -1.00009778  5300.
 -1.00008577  5400.
 -1.00007509  5500.
 -1.00006562  5600.
 -1.00005723  5700.
 -1.0000498  5800.
 -1.00004325  5900.
 -1.00003747  6000.
 -1.00003238  6100.
 -1.00002791  6200.
 -1.00002399  6300.
 -1.00002056  6400.
 -1.00001756  6500.
 -1.00001495  6600.
 -1.00001268  6700.
 -1.00001071  6800.
 -1.00000901  6900.
 -1.00000753  7000.
 -1.00000627  7100.
 -1.00000518  7200.
 -1.00000425  7300.
 -1.00000346  7400.
 -1.00000279  7500.
 -1.00000222  7600.
 -1.00000174  7700.
 -1.00000134  7800.
 -1.00000101  7900.
 -1.00000073  8000.
 -1.0000005  8100.
 -1.00000032  8200.
 -1.00000017  8300.
 -1.00000005  8400.
 -0.999999961  8500.
 -0.99999989  8600.
 -0.999999836  8700.
 -0.999999798  8800.
 -0.999999771  8900.
 -0.999999754  9000.
 -0.999999746  9100.
 -0.999999743  9200.
 -0.999999746  9300.
 -0.999999752  9400.
 -0.999999762  9500.
 -0.999999773  9600.
 -0.999999786  9700.
 -0.9999998  9800.
 -0.999999814  9900.
 -0.999999829  10000.
 -0.999999843  10100.
 -0.999999857  10200.
 -0.99999987  10300.
 -0.999999883  10400.
 -0.999999895  10500.
 -0.999999907  10600.
 -0.999999917  10700.
 -0.999999927  10800.
 -0.999999936  10900.
 -0.999999945  11000.
 -0.999999952  11100.
 -0.999999959  11200.
 -0.999999966  11300.
 -0.999999971  11400.
 -0.999999977  11500.
 -0.999999981  11600.
 -0.999999985  11700.
 -0.999999989  11800.
 -0.999999992  11900.
 -0.999999995  12000.
 -0.999999998  12100.
 -1.  12200.
 -1.  12300.
 -1.  12400.
 -1.00000001  12500.
 -1.00000001  12600.
 -1.00000001  12700.
 -1.00000001  12800.
 -1.00000001  12900.
 -1.00000001  13000.
 -1.00000001  13100.
 -1.00000001  13200.
 -1.00000001  13300.
 -1.00000001  13400.
 -1.00000001  13500.
 -1.00000001  13600.
 -1.00000001  13700.
 -1.00000001  13800.
 -1.00000001  13900.
 -1.00000001  14000.
 -1.00000001  14100.
 -1.00000001  14200.
 -1.00000001  14300.
 -1.00000001  14400.
 -1.00000001  14500.
 -1.00000001  14600.
 -1.00000001  14700.
 -1.00000001  14800.
 -1.00000001  14900.
 -1.00000001  15000.
 -1.00000001  15100.
 -1.00000001  15200.
 -1.00000001  15300.
 -1.00000001  15400.
 -1.00000001  15500.
 -1.00000001  15600.
 -1.00000001  15700.
 -1.00000001  15800.
 -1.00000001  15900.
 -1.00000001  16000.
 -1.00000001  16100.
 -1.00000001  16200.
 -1.00000001  16300.
 -1.00000001  16400.
 -1.00000001  16500.
 -1.00000001  16600.
 -1.00000001  16700.
 -1.00000001  16800.
 -1.00000001  16900.
 -1.00000001  17000.
 -1.00000001  17100.
 -1.00000001  17200.
 -1.00000001  17300.
 -1.00000001  17400.
 -1.00000001  17500.
 -1.00000001  17600.
 -1.00000001  17700.
 -1.00000001  17800.
 -1.00000001  17900.
 -1.00000001  18000.
 -1.00000001  18100.
 -1.00000001  18200.
 -1.00000001  18300.
 -1.00000001  18400.
 -1.00000001  18500.
 -1.00000001  18600.
 -1.00000001  18700.
 -1.00000001  18800.
 -1.00000001  18900.
 -1.00000001  19000.
 -1.00000001  19100.
 -1.00000001  19200.
 -1.00000001  19300.
 -1.00000001  19400.
 -1.00000001  19500.
 -1.00000001  19600.
 -1.00000001  19700.
 -1.00000001  19800.
 -1.00000001  19900.
 -1.00000001  20000.
 -99999.  0.
 temp: -115.
 -1.23988111 -2000.
 -1.2260546 -1900.
 -1.21289603 -1800.
 -1.20038236 -1700.
 -1.18849067 -1600.
 -1.17719816 -1500.
 -1.1664823 -1400.
 -1.1563208 -1300.
 -1.14669172 -1200.
 -1.13757349 -1100.
 -1.12894493 -1000.
 -1.12078531 -900.
 -1.11307439 -800.
 -1.10579239 -700.
 -1.09892006 -600.
 -1.09243869 -500.
 -1.08633008 -400.
 -1.08057661 -300.
 -1.0751612 -200.
 -1.07006734 -100.
 -1.06527907  0.
 -1.06078102  100.
 -1.05655834  200.
 -1.05259678  300.
 -1.04888261  400.
 -1.04540266  500.
 -1.04214427  600.
 -1.03909535  700.
 -1.03624428  800.
 -1.03357998  900.
 -1.03109184  1000.
 -1.02876974  1100.
 -1.02660402  1200.
 -1.0245855  1300.
 -1.0227054  1400.
 -1.02095541  1500.
 -1.0193276  1600.
 -1.01781446  1700.
 -1.01640886  1800.
 -1.01510402  1900.
 -1.01389356  2000.
 -1.01277142  2100.
 -1.01173185  2200.
 -1.01076945  2300.
 -1.0098791  2400.
 -1.009056  2500.
 -1.00829558  2600.
 -1.00759358  2700.
 -1.00694597  2800.
 -1.00634895  2900.
 -1.00579898  3000.
 -1.00529272  3100.
 -1.00482703  3200.
 -1.00439898  3300.
 -1.00400582  3400.
 -1.00364497  3500.
 -1.00331403  3600.
 -1.00301076  3700.
 -1.00273305  3800.
 -1.00247894  3900.
 -1.00224662  4000.
 -1.00203439  4100.
 -1.00184066  4200.
 -1.00166396  4300.
 -1.00150293  4400.
 -1.0013563  4500.
 -1.00122289  4600.
 -1.00110161  4700.
 -1.00099146  4800.
 -1.0008915  4900.
 -1.00080087  5000.
 -1.00071877  5100.
 -1.00064446  5200.
 -1.00057727  5300.
 -1.00051656  5400.
 -1.00046177  5500.
 -1.00041237  5600.
 -1.00036787  5700.
 -1.00032781  5800.
 -1.0002918  5900.
 -1.00025946  6000.
 -1.00023044  6100.
 -1.00020443  6200.
 -1.00018114  6300.
 -1.00016031  6400.
 -1.0001417  6500.
 -1.0001251  6600.
 -1.00011029  6700.
 -1.00009711  6800.
 -1.00008539  6900.
 -1.00007498  7000.
 -1.00006574  7100.
 -1.00005756  7200.
 -1.00005032  7300.
 -1.00004392  7400.
 -1.00003827  7500.
 -1.00003329  7600.
 -1.00002891  7700.
 -1.00002506  7800.
 -1.00002168  7900.
 -1.00001872  8000.
 -1.00001614  8100.
 -1.00001388  8200.
 -1.00001191  8300.
 -1.00001019  8400.
 -1.0000087  8500.
 -1.00000741  8600.
 -1.00000629  8700.
 -1.00000533  8800.
 -1.0000045  8900.
 -1.00000379  9000.
 -1.00000317  9100.
 -1.00000265  9200.
 -1.0000022  9300.
 -1.00000182  9400.
 -1.0000015  9500.
 -1.00000123  9600.
 -1.000001  9700.
 -1.0000008  9800.
 -1.00000064  9900.
 -1.00000051  10000.
 -1.0000004  10100.
 -1.00000031  10200.
 -1.00000023  10300.
 -1.00000017  10400.
 -1.00000012  10500.
 -1.00000008  10600.
 -1.00000005  10700.
 -1.00000003  10800.
 -1.00000001  10900.
 -0.999999996  11000.
 -0.999999986  11100.
 -0.999999979  11200.
 -0.999999974  11300.
 -0.999999972  11400.
 -0.999999971  11500.
 -0.999999971  11600.
 -0.999999972  11700.
 -0.999999973  11800.
 -0.999999975  11900.
 -0.999999978  12000.
 -0.99999998  12100.
 -0.999999983  12200.
 -0.999999985  12300.
 -0.999999988  12400.
 -0.99999999  12500.
 -0.999999993  12600.
 -0.999999995  12700.
 -0.999999997  12800.
 -0.999999999  12900.
 -1.  13000.
 -1.  13100.
 -1.  13200.
 -1.00000001  13300.
 -1.00000001  13400.
 -1.00000001  13500.
 -1.00000001  13600.
 -1.00000001  13700.
 -1.00000001  13800.
 -1.00000001  13900.
 -1.00000001  14000.
 -1.00000001  14100.
 -1.00000001  14200.
 -1.00000001  14300.
 -1.00000001  14400.
 -1.00000001  14500.
 -1.00000001  14600.
 -1.00000001  14700.
 -1.00000001  14800.
 -1.00000001  14900.
 -1.00000001  15000.
 -1.00000001  15100.
 -1.00000001  15200.
 -1.00000001  15300.
 -1.00000001  15400.
 -1.00000001  15500.
 -1.00000001  15600.
 -1.00000001  15700.
 -1.00000001  15800.
 -1.00000001  15900.
 -1.00000001  16000.
 -1.00000001  16100.
 -1.00000001  16200.
 -1.00000001  16300.
 -1.00000001  16400.
 -1.00000001  16500.
 -1.00000001  16600.
 -1.00000001  16700.
 -1.00000001  16800.
 -1.00000001  16900.
 -1.00000001  17000.
 -1.00000001  17100.
 -1.00000001  17200.
 -1.00000001  17300.
 -1.00000001  17400.
 -1.00000001  17500.
 -1.00000001  17600.
 -1.00000001  17700.
 -1.00000001  17800.
 -1.00000001  17900.
 -1.00000001  18000.
 -1.00000001  18100.
 -1.00000001  18200.
 -1.00000001  18300.
 -1.00000001  18400.
 -1.00000001  18500.
 -1.00000001  18600.
 -1.00000001  18700.
 -1.00000001  18800.
 -1.00000001  18900.
 -1.00000001  19000.
 -1.00000001  19100.
 -1.00000001  19200.
 -1.00000001  19300.
 -1.00000001  19400.
 -1.00000001  19500.
 -1.00000001  19600.
 -1.00000001  19700.
 -1.00000001  19800.
 -1.00000001  19900.
 -1.00000001  20000.
 -99999.  0.
 temp: -110.
 -1.65911186 -2000.
 -1.62253277 -1900.
 -1.58768538 -1800.
 -1.55450729 -1700.
 -1.52293704 -1600.
 -1.4929142 -1500.
 -1.46437944 -1400.
 -1.43727459 -1300.
 -1.41154274 -1200.
 -1.38712823 -1100.
 -1.36397677 -1000.
 -1.34203541 -900.
 -1.3212526 -800.
 -1.30157823 -700.
 -1.2829636 -600.
 -1.26536148 -500.
 -1.24872606 -400.
 -1.23301302 -300.
 -1.21817947 -200.
 -1.20418396 -100.
 -1.19098649  0.
 -1.17854847  100.
 -1.16683271  200.
 -1.15580341  300.
 -1.14542613  400.
 -1.13566775  500.
 -1.12649649  600.
 -1.11788185  700.
 -1.10979457  800.
 -1.10220662  900.
 -1.09509119  1000.
 -1.08842262  1100.
 -1.08217637  1200.
 -1.07632902  1300.
 -1.07085822  1400.
 -1.06574263  1500.
 -1.06096195  1600.
 -1.05649681  1700.
 -1.05232881  1800.
 -1.04844043  1900.
 -1.04481502  2000.
 -1.04143679  2100.
 -1.03829073  2200.
 -1.03536263  2300.
 -1.03263901  2400.
 -1.0301071  2500.
 -1.02775484  2600.
 -1.02557079  2700.
 -1.02354416  2800.
 -1.02166476  2900.
 -1.01992297  3000.
 -1.01830971  3100.
 -1.01681644  3200.
 -1.0154351  3300.
 -1.01415811  3400.
 -1.01297834  3500.
 -1.01188908  3600.
 -1.01088406  3700.
 -1.00995735  3800.
 -1.00910343  3900.
 -1.00831708  4000.
 -1.00759345  4100.
 -1.00692799  4200.
 -1.00631644  4300.
 -1.0057548  4400.
 -1.00523938  4500.
 -1.00476668  4600.
 -1.00433348  4700.
 -1.00393676  4800.
 -1.00357371  4900.
 -1.0032417  5000.
 -1.00293831  5100.
 -1.00266127  5200.
 -1.00240849  5300.
 -1.002178  5400.
 -1.00196802  5500.
 -1.00177685  5600.
 -1.00160295  5700.
 -1.00144488  5800.
 -1.00130132  5900.
 -1.00117103  6000.
 -1.00105289  6100.
 -1.00094585  6200.
 -1.00084895  6300.
 -1.0007613  6400.
 -1.00068209  6500.
 -1.00061056  6600.
 -1.00054602  6700.
 -1.00048785  6800.
 -1.00043547  6900.
 -1.00038833  7000.
 -1.00034596  7100.
 -1.0003079  7200.
 -1.00027375  7300.
 -1.00024314  7400.
 -1.00021573  7500.
 -1.0001912  7600.
 -1.00016928  7700.
 -1.00014971  7800.
 -1.00013225  7900.
 -1.00011669  8000.
 -1.00010285  8100.
 -1.00009054  8200.
 -1.0000796  8300.
 -1.0000699  8400.
 -1.00006131  8500.
 -1.0000537  8600.
 -1.00004697  8700.
 -1.00004104  8800.
 -1.0000358  8900.
 -1.00003118  9000.
 -1.00002713  9100.
 -1.00002356  9200.
 -1.00002043  9300.
 -1.00001769  9400.
 -1.00001529  9500.
 -1.0000132  9600.
 -1.00001137  9700.
 -1.00000978  9800.
 -1.00000839  9900.
 -1.00000719  10000.
 -1.00000615  10100.
 -1.00000525  10200.
 -1.00000447  10300.
 -1.0000038  10400.
 -1.00000322  10500.
 -1.00000272  10600.
 -1.00000229  10700.
 -1.00000193  10800.
 -1.00000162  10900.
 -1.00000135  11000.
 -1.00000113  11100.
 -1.00000094  11200.
 -1.00000078  11300.
 -1.00000064  11400.
 -1.00000053  11500.
 -1.00000043  11600.
 -1.00000035  11700.
 -1.00000028  11800.
 -1.00000023  11900.
 -1.00000018  12000.
 -1.00000015  12100.
 -1.00000012  12200.
 -1.00000009  12300.
 -1.00000007  12400.
 -1.00000005  12500.
 -1.00000004  12600.
 -1.00000003  12700.
 -1.00000002  12800.
 -1.00000002  12900.
 -1.00000001  13000.
 -1.00000001  13100.
 -1.00000001  13200.
 -1.00000001  13300.
 -1.00000001  13400.
 -1.00000001  13500.
 -1.00000001  13600.
 -1.00000001  13700.
 -1.00000001  13800.
 -1.00000001  13900.
 -1.00000001  14000.
 -1.00000001  14100.
 -1.00000001  14200.
 -1.00000001  14300.
 -1.00000001  14400.
 -1.00000001  14500.
 -1.00000001  14600.
 -1.00000001  14700.
 -1.00000001  14800.
 -1.00000001  14900.
 -1.00000001  15000.
 -1.00000001  15100.
 -1.00000001  15200.
 -1.00000001  15300.
 -1.00000001  15400.
 -1.00000001  15500.
 -1.00000001  15600.
 -1.00000001  15700.
 -1.00000001  15800.
 -1.00000001  15900.
 -1.00000001  16000.
 -1.00000001  16100.
 -1.00000001  16200.
 -1.00000001  16300.
 -1.00000001  16400.
 -1.00000001  16500.
 -1.00000001  16600.
 -1.00000001  16700.
 -1.00000001  16800.
 -1.00000001  16900.
 -1.00000001  17000.
 -1.00000001  17100.
 -1.00000001  17200.
 -1.00000001  17300.
 -1.00000001  17400.
 -1.00000001  17500.
 -1.00000001  17600.
 -1.00000001  17700.
 -1.00000001  17800.
 -1.00000001  17900.
 -1.00000001  18000.
 -1.00000001  18100.
 -1.00000001  18200.
 -1.00000001  18300.
 -1.00000001  18400.
 -1.00000001  18500.
 -1.00000001  18600.
 -1.00000001  18700.
 -1.00000001  18800.
 -1.00000001  18900.
 -1.00000001  19000.
 -1.00000001  19100.
 -1.00000001  19200.
 -1.00000001  19300.
 -1.00000001  19400.
 -1.00000001  19500.
 -1.00000001  19600.
 -1.00000001  19700.
 -1.00000001  19800.
 -1.00000001  19900.
 -1.00000001  20000.
 -99999.  0.
 temp: -105.
 -2.62337683 -2000.
 -2.53713547 -1900.
 -2.45482978 -1800.
 -2.37631967 -1700.
 -2.30146763 -1600.
 -2.23013879 -1500.
 -2.16220111 -1400.
 -2.09752542 -1300.
 -2.03598549 -1200.
 -1.97745812 -1100.
 -1.9218232 -1000.
 -1.86896372 -900.
 -1.8187658 -800.
 -1.77111875 -700.
 -1.72591504 -600.
 -1.6830503 -500.
 -1.64242335 -400.
 -1.60393615 -300.
 -1.56749379 -200.
 -1.53300448 -100.
 -1.5003795  0.
 -1.46953315  100.
 -1.44038274  200.
 -1.41284855  300.
 -1.38685372  400.
 -1.36232427  500.
 -1.33918899  600.
 -1.31737944  700.
 -1.29682982  800.
 -1.27747696  900.
 -1.25926024  1000.
 -1.24212152  1100.
 -1.2260051  1200.
 -1.21085762  1300.
 -1.196628  1400.
 -1.18326739  1500.
 -1.17072912  1600.
 -1.15896856  1700.
 -1.14794314  1800.
 -1.13761222  1900.
 -1.12793708  2000.
 -1.11888078  2100.
 -1.11040818  2200.
 -1.10248581  2300.
 -1.09508185  2400.
 -1.08816605  2500.
 -1.08170967  2600.
 -1.07568542  2700.
 -1.07006741  2800.
 -1.06483108  2900.
 -1.05995317  3000.
 -1.05541164  3100.
 -1.05118563  3200.
 -1.0472554  3300.
 -1.0436023  3400.
 -1.04020869  3500.
 -1.03705794  3600.
 -1.03413432  3700.
 -1.03142303  3800.
 -1.0289101  3900.
 -1.02658238  4000.
 -1.02442748  4100.
 -1.02243375  4200.
 -1.02059023  4300.
 -1.01888663  4400.
 -1.01731328  4500.
 -1.01586112  4600.
 -1.01452162  4700.
 -1.01328681  4800.
 -1.01214922  4900.
 -1.01110186  5000.
 -1.01013819  5100.
 -1.00925207  5200.
 -1.0084378  5300.
 -1.00769004  5400.
 -1.0070038  5500.
 -1.00637445  5600.
 -1.00579764  5700.
 -1.00526936  5800.
 -1.00478585  5900.
 -1.00434361  6000.
 -1.00393941  6100.
 -1.00357024  6200.
 -1.00323328  6300.
 -1.00292596  6400.
 -1.00264587  6500.
 -1.00239078  6600.
 -1.00215864  6700.
 -1.00194752  6800.
 -1.00175568  6900.
 -1.00158149  7000.
 -1.00142343  7100.
 -1.00128014  7200.
 -1.00115033  7300.
 -1.00103283  7400.
 -1.00092655  7500.
 -1.0008305  7600.
 -1.00074377  7700.
 -1.00066551  7800.
 -1.00059497  7900.
 -1.00053143  8000.
 -1.00047424  8100.
 -1.00042282  8200.
 -1.00037663  8300.
 -1.00033516  8400.
 -1.00029798  8500.
 -1.00026466  8600.
 -1.00023484  8700.
 -1.00020817  8800.
 -1.00018435  8900.
 -1.00016308  9000.
 -1.00014411  9100.
 -1.00012722  9200.
 -1.00011218  9300.
 -1.00009882  9400.
 -1.00008695  9500.
 -1.00007642  9600.
 -1.00006708  9700.
 -1.00005882  9800.
 -1.00005151  9900.
 -1.00004506  10000.
 -1.00003937  10100.
 -1.00003435  10200.
 -1.00002993  10300.
 -1.00002605  10400.
 -1.00002264  10500.
 -1.00001965  10600.
 -1.00001703  10700.
 -1.00001474  10800.
 -1.00001274  10900.
 -1.00001099  11000.
 -1.00000947  11100.
 -1.00000815  11200.
 -1.000007  11300.
 -1.000006  11400.
 -1.00000513  11500.
 -1.00000439  11600.
 -1.00000374  11700.
 -1.00000319  11800.
 -1.00000271  11900.
 -1.0000023  12000.
 -1.00000194  12100.
 -1.00000164  12200.
 -1.00000138  12300.
 -1.00000116  12400.
 -1.00000098  12500.
 -1.00000082  12600.
 -1.00000068  12700.
 -1.00000057  12800.
 -1.00000047  12900.
 -1.00000039  13000.
 -1.00000033  13100.
 -1.00000027  13200.
 -1.00000022  13300.
 -1.00000018  13400.
 -1.00000015  13500.
 -1.00000012  13600.
 -1.0000001  13700.
 -1.00000008  13800.
 -1.00000007  13900.
 -1.00000006  14000.
 -1.00000005  14100.
 -1.00000004  14200.
 -1.00000003  14300.
 -1.00000003  14400.
 -1.00000002  14500.
 -1.00000002  14600.
 -1.00000002  14700.
 -1.00000002  14800.
 -1.00000002  14900.
 -1.00000001  15000.
 -1.00000001  15100.
 -1.00000001  15200.
 -1.00000001  15300.
 -1.00000001  15400.
 -1.00000001  15500.
 -1.00000001  15600.
 -1.00000001  15700.
 -1.00000001  15800.
 -1.00000001  15900.
 -1.00000001  16000.
 -1.00000001  16100.
 -1.00000001  16200.
 -1.00000001  16300.
 -1.00000001  16400.
 -1.00000001  16500.
 -1.00000001  16600.
 -1.00000001  16700.
 -1.00000001  16800.
 -1.00000001  16900.
 -1.00000001  17000.
 -1.00000001  17100.
 -1.00000001  17200.
 -1.00000001  17300.
 -1.00000001  17400.
 -1.00000001  17500.
 -1.00000001  17600.
 -1.00000001  17700.
 -1.00000001  17800.
 -1.00000001  17900.
 -1.00000001  18000.
 -1.00000001  18100.
 -1.00000001  18200.
 -1.00000001  18300.
 -1.00000001  18400.
 -1.00000001  18500.
 -1.00000001  18600.
 -1.00000001  18700.
 -1.00000001  18800.
 -1.00000001  18900.
 -1.00000001  19000.
 -1.00000001  19100.
 -1.00000001  19200.
 -1.00000001  19300.
 -1.00000001  19400.
 -1.00000001  19500.
 -1.00000001  19600.
 -1.00000001  19700.
 -1.00000001  19800.
 -1.00000001  19900.
 -1.00000001  20000.
 -99999.  0.
 temp: -100.
 -4.70110686 -2000.
 -4.51332803 -1900.
 -4.33375261 -1800.
 -4.16209832 -1700.
 -3.99808825 -1600.
 -3.84145103 -1500.
 -3.69192099 -1400.
 -3.54923831 -1300.
 -3.41314906 -1200.
 -3.28340534 -1100.
 -3.15976531 -1000.
 -3.04199329 -900.
 -2.92985971 -800.
 -2.82314122 -700.
 -2.72162059 -600.
 -2.6250868 -500.
 -2.53333495 -400.
 -2.44616623 -300.
 -2.36338792 -200.
 -2.28481326 -100.
 -2.21026148  0.
 -2.13955763  100.
 -2.07253258  200.
 -2.00902289  300.
 -1.94887073  400.
 -1.89192381  500.
 -1.83803522  600.
 -1.78706338  700.
 -1.73887191  800.
 -1.6933295  900.
 -1.65030984  1000.
 -1.60969146  1100.
 -1.57135764  1200.
 -1.53519626  1300.
 -1.50109972  1400.
 -1.46896479  1500.
 -1.43869249  1600.
 -1.41018798  1700.
 -1.38336043  1800.
 -1.35812289  1900.
 -1.33439219  2000.
 -1.31208883  2100.
 -1.29113681  2200.
 -1.27146356  2300.
 -1.25299982  2400.
 -1.2356795  2500.
 -1.21943959  2600.
 -1.20422006  2700.
 -1.1899637  2800.
 -1.1766161  2900.
 -1.16412544  3000.
 -1.15244249  3100.
 -1.14152044  3200.
 -1.13131484  3300.
 -1.12178348  3400.
 -1.11288633  3500.
 -1.1045854  3600.
 -1.09684471  3700.
 -1.08963018  3800.
 -1.08290952  3900.
 -1.07665219  4000.
 -1.07082933  4100.
 -1.06541362  4200.
 -1.06037929  4300.
 -1.055702  4400.
 -1.05135877  4500.
 -1.04732793  4600.
 -1.04358908  4700.
 -1.04012297  4800.
 -1.0369115  4900.
 -1.03393764  5000.
 -1.03118535  5100.
 -1.02863958  5200.
 -1.02628619  5300.
 -1.0241119  5400.
 -1.02210424  5500.
 -1.02025155  5600.
 -1.01854286  5700.
 -1.01696793  5800.
 -1.01551716  5900.
 -1.01418158  6000.
 -1.01295279  6100.
 -1.01182296  6200.
 -1.01078475  6300.
 -1.00983135  6400.
 -1.00895637  6500.
 -1.00815389  6600.
 -1.00741836  6700.
 -1.00674465  6800.
 -1.00612796  6900.
 -1.00556384  7000.
 -1.00504815  7100.
 -1.00457706  7200.
 -1.00414701  7300.
 -1.00375468  7400.
 -1.00339701  7500.
 -1.00307119  7600.
 -1.00277457  7700.
 -1.00250473  7800.
 -1.00225944  7900.
 -1.00203663  8000.
 -1.00183438  8100.
 -1.00165093  8200.
 -1.00148466  8300.
 -1.00133408  8400.
 -1.00119781  8500.
 -1.00107459  8600.
 -1.00096325  8700.
 -1.00086273  8800.
 -1.00077206  8900.
 -1.00069032  9000.
 -1.00061671  9100.
 -1.00055047  9200.
 -1.00049091  9300.
 -1.0004374  9400.
 -1.00038938  9500.
 -1.00034631  9600.
 -1.00030772  9700.
 -1.00027317  9800.
 -1.00024227  9900.
 -1.00021466  10000.
 -1.00019001  10100.
 -1.00016802  10200.
 -1.00014843  10300.
 -1.00013099  10400.
 -1.00011548  10500.
 -1.0001017  10600.
 -1.00008947  10700.
 -1.00007862  10800.
 -1.00006901  10900.
 -1.00006051  11000.
 -1.000053  11100.
 -1.00004637  11200.
 -1.00004052  11300.
 -1.00003536  11400.
 -1.00003083  11500.
 -1.00002684  11600.
 -1.00002334  11700.
 -1.00002027  11800.
 -1.00001758  11900.
 -1.00001523  12000.
 -1.00001317  12100.
 -1.00001138  12200.
 -1.00000982  12300.
 -1.00000846  12400.
 -1.00000727  12500.
 -1.00000625  12600.
 -1.00000536  12700.
 -1.00000459  12800.
 -1.00000392  12900.
 -1.00000335  13000.
 -1.00000285  13100.
 -1.00000243  13200.
 -1.00000206  13300.
 -1.00000175  13400.
 -1.00000148  13500.
 -1.00000125  13600.
 -1.00000106  13700.
 -1.00000089  13800.
 -1.00000075  13900.
 -1.00000063  14000.
 -1.00000053  14100.
 -1.00000044  14200.
 -1.00000037  14300.
 -1.00000031  14400.
 -1.00000026  14500.
 -1.00000021  14600.
 -1.00000018  14700.
 -1.00000015  14800.
 -1.00000012  14900.
 -1.0000001  15000.
 -1.00000008  15100.
 -1.00000007  15200.
 -1.00000006  15300.
 -1.00000005  15400.
 -1.00000004  15500.
 -1.00000004  15600.
 -1.00000003  15700.
 -1.00000003  15800.
 -1.00000002  15900.
 -1.00000002  16000.
 -1.00000002  16100.
 -1.00000002  16200.
 -1.00000002  16300.
 -1.00000002  16400.
 -1.00000002  16500.
 -1.00000002  16600.
 -1.00000001  16700.
 -1.00000001  16800.
 -1.00000001  16900.
 -1.00000001  17000.
 -1.00000001  17100.
 -1.00000001  17200.
 -1.00000001  17300.
 -1.00000001  17400.
 -1.00000001  17500.
 -1.00000001  17600.
 -1.00000001  17700.
 -1.00000001  17800.
 -1.00000001  17900.
 -1.00000001  18000.
 -1.00000001  18100.
 -1.00000001  18200.
 -1.00000001  18300.
 -1.00000001  18400.
 -1.00000001  18500.
 -1.00000001  18600.
 -1.00000001  18700.
 -1.00000001  18800.
 -1.00000001  18900.
 -1.00000001  19000.
 -1.00000001  19100.
 -1.00000001  19200.
 -1.00000001  19300.
 -1.00000001  19400.
 -1.00000001  19500.
 -1.00000001  19600.
 -1.00000001  19700.
 -1.00000001  19800.
 -1.00000001  19900.
 -1.00000001  20000.
 -99999.  0.
 temp: -95.
 -8.94654883 -2000.
 -8.56186558 -1900.
 -8.19321488 -1800.
 -7.84006906 -1700.
 -7.50191031 -1600.
 -7.17823094 -1500.
 -6.86853361 -1400.
 -6.57233148 -1300.
 -6.28914841 -1200.
 -6.01851907 -1100.
 -5.759989 -1000.
 -5.51311473 -900.
 -5.27746379 -800.
 -5.05261475 -700.
 -4.83815718 -600.
 -4.63369169 -500.
 -4.43882984 -400.
 -4.25319408 -300.
 -4.07641773 -200.
 -3.90814481 -100.
 -3.74803  0.
 -3.5957385  100.
 -3.45094589  200.
 -3.31333801  300.
 -3.18261079  400.
 -3.05847014  500.
 -2.94063171  600.
 -2.82882078  700.
 -2.72277206  800.
 -2.62222949  900.
 -2.52694609  1000.
 -2.43668373  1100.
 -2.35121294  1200.
 -2.27031274  1300.
 -2.19377039  1400.
 -2.12138126  1500.
 -2.05294852  1600.
 -1.98828305  1700.
 -1.92720316  1800.
 -1.86953441  1900.
 -1.81510939  2000.
 -1.76376755  2100.
 -1.71535497  2200.
 -1.66972417  2300.
 -1.62673391  2400.
 -1.58624898  2500.
 -1.54814005  2600.
 -1.51228341  2700.
 -1.47856084  2800.
 -1.44685941  2900.
 -1.41707128  3000.
 -1.38909354  3100.
 -1.36282801  3200.
 -1.3381811  3300.
 -1.31506362  3400.
 -1.29339062  3500.
 -1.27308123  3600.
 -1.25405851  3700.
 -1.23624926  3800.
 -1.21958393  3900.
 -1.20399643  4000.
 -1.18942399  4100.
 -1.17580706  4200.
 -1.16308912  4300.
 -1.1512166  4400.
 -1.14013872  4500.
 -1.12980739  4600.
 -1.12017708  4700.
 -1.11120471  4800.
 -1.10284952  4900.
 -1.09507302  5000.
 -1.08783881  5100.
 -1.08111253  5200.
 -1.07486176  5300.
 -1.06905591  5400.
 -1.06366616  5500.
 -1.05866531  5600.
 -1.0540278  5700.
 -1.04972953  5800.
 -1.04574785  5900.
 -1.04206144  6000.
 -1.0386503  6100.
 -1.03549561  6200.
 -1.03257973  6300.
 -1.0298861  6400.
 -1.02739919  6500.
 -1.02510445  6600.
 -1.02298826  6700.
 -1.02103786  6800.
 -1.01924131  6900.
 -1.01758747  7000.
 -1.0160659  7100.
 -1.01466687  7200.
 -1.01338129  7300.
 -1.01220068  7400.
 -1.01111715  7500.
 -1.01012333  7600.
 -1.00921237  7700.
 -1.0083779  7800.
 -1.00761397  7900.
 -1.00691507  8000.
 -1.0062761  8100.
 -1.00569229  8200.
 -1.00515924  8300.
 -1.00467286  8400.
 -1.00422936  8500.
 -1.00382525  8600.
 -1.00345727  8700.
 -1.00312244  8800.
 -1.00281797  8900.
 -1.00254132  9000.
 -1.00229012  9100.
 -1.0020622  9200.
 -1.00185554  9300.
 -1.00166832  9400.
 -1.00149881  9500.
 -1.00134548  9600.
 -1.00120687  9700.
 -1.00108167  9800.
 -1.00096867  9900.
 -1.00086676  10000.
 -1.00077493  10100.
 -1.00069225  10200.
 -1.00061786  10300.
 -1.000551  10400.
 -1.00049094  10500.
 -1.00043704  10600.
 -1.00038872  10700.
 -1.00034542  10800.
 -1.00030667  10900.
 -1.00027201  11000.
 -1.00024105  11100.
 -1.00021341  11200.
 -1.00018875  11300.
 -1.00016678  11400.
 -1.00014723  11500.
 -1.00012984  11600.
 -1.00011438  11700.
 -1.00010066  11800.
 -1.0000885  11900.
 -1.00007772  12000.
 -1.00006819  12100.
 -1.00005975  12200.
 -1.00005231  12300.
 -1.00004574  12400.
 -1.00003995  12500.
 -1.00003485  12600.
 -1.00003037  12700.
 -1.00002643  12800.
 -1.00002298  12900.
 -1.00001995  13000.
 -1.0000173  13100.
 -1.00001499  13200.
 -1.00001296  13300.
 -1.0000112  13400.
 -1.00000966  13500.
 -1.00000832  13600.
 -1.00000716  13700.
 -1.00000615  13800.
 -1.00000528  13900.
 -1.00000452  14000.
 -1.00000387  14100.
 -1.00000331  14200.
 -1.00000282  14300.
 -1.0000024  14400.
 -1.00000204  14500.
 -1.00000174  14600.
 -1.00000147  14700.
 -1.00000125  14800.
 -1.00000105  14900.
 -1.00000089  15000.
 -1.00000075  15100.
 -1.00000063  15200.
 -1.00000053  15300.
 -1.00000045  15400.
 -1.00000037  15500.
 -1.00000031  15600.
 -1.00000026  15700.
 -1.00000022  15800.
 -1.00000018  15900.
 -1.00000015  16000.
 -1.00000013  16100.
 -1.00000011  16200.
 -1.00000009  16300.
 -1.00000008  16400.
 -1.00000006  16500.
 -1.00000005  16600.
 -1.00000005  16700.
 -1.00000004  16800.
 -1.00000004  16900.
 -1.00000003  17000.
 -1.00000003  17100.
 -1.00000002  17200.
 -1.00000002  17300.
 -1.00000002  17400.
 -1.00000002  17500.
 -1.00000002  17600.
 -1.00000002  17700.
 -1.00000002  17800.
 -1.00000002  17900.
 -1.00000002  18000.
 -1.00000002  18100.
 -1.00000002  18200.
 -1.00000002  18300.
 -1.00000001  18400.
 -1.00000001  18500.
 -1.00000001  18600.
 -1.00000001  18700.
 -1.00000001  18800.
 -1.00000001  18900.
 -1.00000001  19000.
 -1.00000001  19100.
 -1.00000001  19200.
 -1.00000001  19300.
 -1.00000001  19400.
 -1.00000001  19500.
 -1.00000001  19600.
 -1.00000001  19700.
 -1.00000001  19800.
 -1.00000001  19900.
 -1.00000001  20000.
 -99999.  0.
 temp: -90.
 -17.2398419 -2000.
 -16.4899796 -1900.
 -15.769877 -1800.
 -15.0786029 -1700.
 -14.4152429 -1600.
 -13.7788995 -1500.
 -13.1686922 -1400.
 -12.5837586 -1300.
 -12.0232537 -1200.
 -11.4863508 -1100.
 -10.9722412 -1000.
 -10.4801346 -900.
 -10.0092592 -800.
 -9.55886143 -700.
 -9.12820633 -600.
 -8.71657732 -500.
 -8.32327618 -400.
 -7.94762304 -300.
 -7.58895621 -200.
 -7.2466321 -100.
 -6.92002505  0.
 -6.60852718  100.
 -6.31154817  200.
 -6.02851511  300.
 -5.75887225  400.
 -5.50208076  500.
 -5.2576185  600.
 -5.02497975  700.
 -4.80367494  800.
 -4.59323041  900.
 -4.39318805  1000.
 -4.20310507  1100.
 -4.02255366  1200.
 -3.8511207  1300.
 -3.68840745  1400.
 -3.53402922  1500.
 -3.38761507  1600.
 -3.24880747  1700.
 -3.11726198  1800.
 -2.99264695  1900.
 -2.87464317  2000.
 -2.76294354  2100.
 -2.65725279  2200.
 -2.5572871  2300.
 -2.46277381  2400.
 -2.37345113  2500.
 -2.28906777  2600.
 -2.20938265  2700.
 -2.13416461  2800.
 -2.06319207  2900.
 -1.99625278  3000.
 -1.93314345  3100.
 -1.87366953  3200.
 -1.81764486  3300.
 -1.76489146  3400.
 -1.71523917  3500.
 -1.66852543  3600.
 -1.62459501  3700.
 -1.58329973  3800.
 -1.54449821  3900.
 -1.50805563  4000.
 -1.47384348  4100.
 -1.44173931  4200.
 -1.41162653  4300.
 -1.38339412  4400.
 -1.35693651  4500.
 -1.33215324  4600.
 -1.30894887  4700.
 -1.28723269  4800.
 -1.26691859  4900.
 -1.24792479  5000.
 -1.23017375  5100.
 -1.21359191  5200.
 -1.19810955  5300.
 -1.18366063  5400.
 -1.17018261  5500.
 -1.1576163  5600.
 -1.14590571  5700.
 -1.13499788  5800.
 -1.1248428  5900.
 -1.11539318  6000.
 -1.10660442  6100.
 -1.09843441  6200.
 -1.09084343  6300.
 -1.08379405  6400.
 -1.07725098  6500.
 -1.07118102  6600.
 -1.0655529  6700.
 -1.0603372  6800.
 -1.05550626  6900.
 -1.0510341  7000.
 -1.0468963  7100.
 -1.04306994  7200.
 -1.03953353  7300.
 -1.03626689  7400.
 -1.03325113  7500.
 -1.03046854  7600.
 -1.02790256  7700.
 -1.02553766  7800.
 -1.02335935  7900.
 -1.02135407  8000.
 -1.01950916  8100.
 -1.01781279  8200.
 -1.01625394  8300.
 -1.01482232  8400.
 -1.01350834  8500.
 -1.01230308  8600.
 -1.01119821  8700.
 -1.01018602  8800.
 -1.0092593  8900.
 -1.00841139  9000.
 -1.00763606  9100.
 -1.00692758  9200.
 -1.0062806  9300.
 -1.00569016  9400.
 -1.00515169  9500.
 -1.00466094  9600.
 -1.00421399  9700.
 -1.0038072  9800.
 -1.00343722  9900.
 -1.00310095  10000.
 -1.00279555  10100.
 -1.00251836  10200.
 -1.00226697  10300.
 -1.00203914  10400.
 -1.00183282  10500.
 -1.0016461  10600.
 -1.00147726  10700.
 -1.0013247  10800.
 -1.00118695  10900.
 -1.00106268  11000.
 -1.00095065  11100.
 -1.00084973  11200.
 -1.00075889  11300.
 -1.0006772  11400.
 -1.00060379  11500.
 -1.00053788  11600.
 -1.00047875  11700.
 -1.00042575  11800.
 -1.00037827  11900.
 -1.00033579  12000.
 -1.00029782  12100.
 -1.00026389  12200.
 -1.00023361  12300.
 -1.00020661  12400.
 -1.00018256  12500.
 -1.00016115  12600.
 -1.00014212  12700.
 -1.00012521  12800.
 -1.0001102  12900.
 -1.00009689  13000.
 -1.0000851  13100.
 -1.00007467  13200.
 -1.00006545  13300.
 -1.0000573  13400.
 -1.00005012  13500.
 -1.00004378  13600.
 -1.00003821  13700.
 -1.00003331  13800.
 -1.000029  13900.
 -1.00002522  14000.
 -1.00002191  14100.
 -1.00001901  14200.
 -1.00001647  14300.
 -1.00001426  14400.
 -1.00001233  14500.
 -1.00001064  14600.
 -1.00000918  14700.
 -1.0000079  14800.
 -1.0000068  14900.
 -1.00000584  15000.
 -1.00000501  15100.
 -1.00000429  15200.
 -1.00000367  15300.
 -1.00000313  15400.
 -1.00000267  15500.
 -1.00000228  15600.
 -1.00000194  15700.
 -1.00000165  15800.
 -1.0000014  15900.
 -1.00000118  16000.
 -1.000001  16100.
 -1.00000085  16200.
 -1.00000071  16300.
 -1.0000006  16400.
 -1.00000051  16500.
 -1.00000043  16600.
 -1.00000036  16700.
 -1.0000003  16800.
 -1.00000025  16900.
 -1.00000021  17000.
 -1.00000018  17100.
 -1.00000015  17200.
 -1.00000013  17300.
 -1.00000011  17400.
 -1.00000009  17500.
 -1.00000008  17600.
 -1.00000006  17700.
 -1.00000005  17800.
 -1.00000005  17900.
 -1.00000004  18000.
 -1.00000004  18100.
 -1.00000003  18200.
 -1.00000003  18300.
 -1.00000003  18400.
 -1.00000002  18500.
 -1.00000002  18600.
 -1.00000002  18700.
 -1.00000002  18800.
 -1.00000002  18900.
 -1.00000002  19000.
 -1.00000002  19100.
 -1.00000002  19200.
 -1.00000002  19300.
 -1.00000002  19400.
 -1.00000002  19500.
 -1.00000002  19600.
 -1.00000002  19700.
 -1.00000002  19800.
 -1.00000001  19900.
 -1.00000001  20000.
 -99999.  0.
 temp: -85.
 -32.8188405 -2000.
 -31.4174322 -1900.
 -30.0689299 -1800.
 -28.7717662 -1700.
 -27.5244001 -1600.
 -26.3253168 -1500.
 -25.173029 -1400.
 -24.0660767 -1300.
 -23.0030283 -1200.
 -21.9824802 -1100.
 -21.0030579 -1000.
 -20.0634155 -900.
 -19.1622361 -800.
 -18.2982323 -700.
 -17.4701457 -600.
 -16.6767473 -500.
 -15.9168373 -400.
 -15.189245 -300.
 -14.4928289 -200.
 -13.8264764 -100.
 -13.1891036  0.
 -12.5796553  100.
 -11.9971044  200.
 -11.440452  300.
 -10.908727  400.
 -10.4009855  500.
 -9.91631106  600.
 -9.45381365  700.
 -9.01262978  800.
 -8.59192194  900.
 -8.19087814  1000.
 -7.8087116  1100.
 -7.4446602  1200.
 -7.09798615  1300.
 -6.76797544  1400.
 -6.45393745  1500.
 -6.15520444  1600.
 -5.87113107  1700.
 -5.60109397  1800.
 -5.34449122  1900.
 -5.10074184  2000.
 -4.86928537  2100.
 -4.64958132  2200.
 -4.44110871  2300.
 -4.24336558  2400.
 -4.05586849  2500.
 -3.87815206  2600.
 -3.70976845  2700.
 -3.55028693  2800.
 -3.39929335  2900.
 -3.25638971  3000.
 -3.12119369  3100.
 -2.99333814  3200.
 -2.87247072  3300.
 -2.75825335  3400.
 -2.65036183  3500.
 -2.54848539  3600.
 -2.45232624  3700.
 -2.36159918  3800.
 -2.27603117  3900.
 -2.1953609  4000.
 -2.11933844  4100.
 -2.04772482  4200.
 -1.98029165  4300.
 -1.91682072  4400.
 -1.85710371  4500.
 -1.80094173  4600.
 -1.74814507  4700.
 -1.69853277  4800.
 -1.65193236  4900.
 -1.6081795  5000.
 -1.56711767  5100.
 -1.52859787  5200.
 -1.49247829  5300.
 -1.4586241  5400.
 -1.42690706  5500.
 -1.39720535  5600.
 -1.36940323  5700.
 -1.34339083  5800.
 -1.31906386  5900.
 -1.29632342  6000.
 -1.27507572  6100.
 -1.2552319  6200.
 -1.23670775  6300.
 -1.21942357  6400.
 -1.20330392  6500.
 -1.18827745  6600.
 -1.17427668  6700.
 -1.16123786  6800.
 -1.14910076  6900.
 -1.13780852  7000.
 -1.12730749  7100.
 -1.11754706  7200.
 -1.10847951  7300.
 -1.10005988  7400.
 -1.09224584  7500.
 -1.08499753  7600.
 -1.07827743  7700.
 -1.0720503  7800.
 -1.06628297  7900.
 -1.06094431  8000.
 -1.05600508  8100.
 -1.05143785  8200.
 -1.04721686  8300.
 -1.04331801  8400.
 -1.03971867  8500.
 -1.03639767  8600.
 -1.03333521  8700.
 -1.03051274  8800.
 -1.02791293  8900.
 -1.02551959  9000.
 -1.02331758  9100.
 -1.02129281  9200.
 -1.01943208  9300.
 -1.01772313  9400.
 -1.01615451  9500.
 -1.01471557  9600.
 -1.01339639  9700.
 -1.01218774  9800.
 -1.01108105  9900.
 -1.01006835  10000.
 -1.00914225  10100.
 -1.00829587  10200.
 -1.00752286  10300.
 -1.0068173  10400.
 -1.00617374  10500.
 -1.00558711  10600.
 -1.00505274  10700.
 -1.0045663  10800.
 -1.00412379  10900.
 -1.00372151  11000.
 -1.00335607  11100.
 -1.00302433  11200.
 -1.00272338  11300.
 -1.00245056  11400.
 -1.00220343  11500.
 -1.00197973  11600.
 -1.00177739  11700.
 -1.00159449  11800.
 -1.00142931  11900.
 -1.00128023  12000.
 -1.00114579  12100.
 -1.00102464  12200.
 -1.00091556  12300.
 -1.00081742  12400.
 -1.0007292  12500.
 -1.00064995  12600.
 -1.00057882  12700.
 -1.00051504  12800.
 -1.00045788  12900.
 -1.00040672  13000.
 -1.00036095  13100.
 -1.00032004  13200.
 -1.00028351  13300.
 -1.00025093  13400.
 -1.00022188  13500.
 -1.00019601  13600.
 -1.00017299  13700.
 -1.00015253  13800.
 -1.00013435  13900.
 -1.00011823  14000.
 -1.00010394  14100.
 -1.00009128  14200.
 -1.00008008  14300.
 -1.00007019  14400.
 -1.00006145  14500.
 -1.00005374  14600.
 -1.00004695  14700.
 -1.00004097  14800.
 -1.00003572  14900.
 -1.0000311  15000.
 -1.00002705  15100.
 -1.0000235  15200.
 -1.00002039  15300.
 -1.00001767  15400.
 -1.0000153  15500.
 -1.00001323  15600.
 -1.00001143  15700.
 -1.00000986  15800.
 -1.00000849  15900.
 -1.0000073  16000.
 -1.00000628  16100.
 -1.00000539  16200.
 -1.00000462  16300.
 -1.00000395  16400.
 -1.00000338  16500.
 -1.00000288  16600.
 -1.00000246  16700.
 -1.00000209  16800.
 -1.00000178  16900.
 -1.00000151  17000.
 -1.00000128  17100.
 -1.00000109  17200.
 -1.00000092  17300.
 -1.00000078  17400.
 -1.00000065  17500.
 -1.00000055  17600.
 -1.00000046  17700.
 -1.00000039  17800.
 -1.00000033  17900.
 -1.00000028  18000.
 -1.00000023  18100.
 -1.0000002  18200.
 -1.00000016  18300.
 -1.00000014  18400.
 -1.00000012  18500.
 -1.0000001  18600.
 -1.00000008  18700.
 -1.00000007  18800.
 -1.00000006  18900.
 -1.00000005  19000.
 -1.00000005  19100.
 -1.00000004  19200.
 -1.00000003  19300.
 -1.00000003  19400.
 -1.00000003  19500.
 -1.00000003  19600.
 -1.00000002  19700.
 -1.00000002  19800.
 -1.00000002  19900.
 -1.00000002  20000.
 -99999.  0.
 temp: -80.
 -61.0864749 -2000.
 -58.5617178 -1900.
 -56.1275738 -1800.
 -53.7815088 -1700.
 -51.5210271 -1600.
 -49.3436725 -1500.
 -47.2470292 -1400.
 -45.2287227 -1300.
 -43.2864203 -1200.
 -41.4178319 -1100.
 -39.6207101 -1000.
 -37.8928514 -900.
 -36.2320958 -800.
 -34.6363275 -700.
 -33.1034747 -600.
 -31.6315103 -500.
 -30.2184516 -400.
 -28.8623601 -300.
 -27.561342 -200.
 -26.3135477 -100.
 -25.1171716  0.
 -23.970452  100.
 -22.8716711  200.
 -21.8191541  300.
 -20.8112693  400.
 -19.8464278  500.
 -18.9230826  600.
 -18.0397285  700.
 -17.1949017  800.
 -16.3871789  900.
 -15.6151773  1000.
 -14.8775535  1100.
 -14.1730031  1200.
 -13.5002605  1300.
 -12.8580977  1400.
 -12.2453238  1500.
 -11.6607847  1600.
 -11.1033621  1700.
 -10.571973  1800.
 -10.0655686  1900.
 -9.58313451  2000.
 -9.12368903  2100.
 -8.68628315  2200.
 -8.26999955  2300.
 -7.87395197  2400.
 -7.49728449  2500.
 -7.13917082  2600.
 -6.79881358  2700.
 -6.47544364  2800.
 -6.16831936  2900.
 -5.8767259  3000.
 -5.59997456  3100.
 -5.33740206  3200.
 -5.08836986  3300.
 -4.85226347  3400.
 -4.62849181  3500.
 -4.4164865  3600.
 -4.21570124  3700.
 -4.02561114  3800.
 -3.84571209  3900.
 -3.67552014  4000.
 -3.51457086  4100.
 -3.36241873  4200.
 -3.21863655  4300.
 -3.08281487  4400.
 -2.95456136  4500.
 -2.83350029  4600.
 -2.71927196  4700.
 -2.61153214  4800.
 -2.50995157  4900.
 -2.41421538  5000.
 -2.32402267  5100.
 -2.23908592  5200.
 -2.15913056  5300.
 -2.08389448  5400.
 -2.01312758  5500.
 -1.94659129  5600.
 -1.88405816  5700.
 -1.82531142  5800.
 -1.77014458  5900.
 -1.71836099  6000.
 -1.6697735  6100.
 -1.62420404  6200.
 -1.58148327  6300.
 -1.54145019  6400.
 -1.50395185  6500.
 -1.46884296  6600.
 -1.4359856  6700.
 -1.40524888  6800.
 -1.37650866  6900.
 -1.34964722  7000.
 -1.32455301  7100.
 -1.30112037  7200.
 -1.27924924  7300.
 -1.25884494  7400.
 -1.23981788  7500.
 -1.22208337  7600.
 -1.20556137  7700.
 -1.19017625  7800.
 -1.17585661  7900.
 -1.16253507  8000.
 -1.15014804  8100.
 -1.1386356  8200.
 -1.12794125  8300.
 -1.11801178  8400.
 -1.10879708  8500.
 -1.10025001  8600.
 -1.09232622  8700.
 -1.08498402  8800.
 -1.07818422  8900.
 -1.07189004  9000.
 -1.06606692  9100.
 -1.06068246  9200.
 -1.05570627  9300.
 -1.05110986  9400.
 -1.04686655  9500.
 -1.04295136  9600.
 -1.03934089  9700.
 -1.0360133  9800.
 -1.03294812  9900.
 -1.03012627  10000.
 -1.02752991  10100.
 -1.02514239  10200.
 -1.02294819  10300.
 -1.02093284  10400.
 -1.01908285  10500.
 -1.01738567  10600.
 -1.0158296  10700.
 -1.01440379  10800.
 -1.01309813  10900.
 -1.01190323  11000.
 -1.01081037  11100.
 -1.00981148  11200.
 -1.00889905  11300.
 -1.00806613  11400.
 -1.00730628  11500.
 -1.00661355  11600.
 -1.00598243  11700.
 -1.00540781  11800.
 -1.004885  11900.
 -1.00440963  12000.
 -1.00397771  12100.
 -1.00358553  12200.
 -1.00322968  12300.
 -1.00290703  12400.
 -1.00261468  12500.
 -1.00234999  12600.
 -1.00211051  12700.
 -1.00189399  12800.
 -1.00169838  12900.
 -1.0015218  13000.
 -1.00136251  13100.
 -1.00121892  13200.
 -1.0010896  13300.
 -1.00097321  13400.
 -1.00086854  13500.
 -1.00077449  13600.
 -1.00069005  13700.
 -1.0006143  13800.
 -1.0005464  13900.
 -1.00048558  14000.
 -1.00043116  14100.
 -1.0003825  14200.
 -1.00033903  14300.
 -1.00030023  14400.
 -1.00026563  14500.
 -1.0002348  14600.
 -1.00020735  14700.
 -1.00018294  14800.
 -1.00016125  14900.
 -1.000142  15000.
 -1.00012492  15100.
 -1.00010979  15200.
 -1.00009639  15300.
 -1.00008454  15400.
 -1.00007408  15500.
 -1.00006484  15600.
 -1.00005669  15700.
 -1.00004952  15800.
 -1.00004321  15900.
 -1.00003766  16000.
 -1.00003278  16100.
 -1.00002851  16200.
 -1.00002476  16300.
 -1.00002149  16400.
 -1.00001862  16500.
 -1.00001612  16600.
 -1.00001394  16700.
 -1.00001204  16800.
 -1.00001038  16900.
 -1.00000894  17000.
 -1.0000077  17100.
 -1.00000661  17200.
 -1.00000568  17300.
 -1.00000487  17400.
 -1.00000416  17500.
 -1.00000356  17600.
 -1.00000304  17700.
 -1.00000259  17800.
 -1.00000221  17900.
 -1.00000188  18000.
 -1.0000016  18100.
 -1.00000135  18200.
 -1.00000115  18300.
 -1.00000097  18400.
 -1.00000082  18500.
 -1.00000069  18600.
 -1.00000058  18700.
 -1.00000049  18800.
 -1.00000041  18900.
 -1.00000035  19000.
 -1.00000029  19100.
 -1.00000025  19200.
 -1.00000021  19300.
 -1.00000017  19400.
 -1.00000015  19500.
 -1.00000012  19600.
 -1.00000011  19700.
 -1.00000009  19800.
 -1.00000008  19900.
 -1.00000006  20000.
 -99999.  0.
 temp: -75.
 -110.803467 -2000.
 -106.400492 -1900.
 -102.147693 -1800.
 -98.0411137 -1700.
 -94.0768514 -1600.
 -90.2510598 -1500.
 -86.5599499 -1400.
 -82.9997914 -1300.
 -79.5669134 -1200.
 -76.2577061 -1100.
 -73.0686215 -1000.
 -69.9961738 -900.
 -67.0369407 -800.
 -64.1875635 -700.
 -61.4447478 -600.
 -58.8052637 -500.
 -56.2659462 -400.
 -53.8236953 -300.
 -51.4754761 -200.
 -49.2183188 -100.
 -47.0493186  0.
 -44.9656356  100.
 -42.9644945  200.
 -41.0431845  300.
 -39.1990588  400.
 -37.429534  500.
 -35.7320902  600.
 -34.1042698  700.
 -32.5436774  800.
 -31.0479792  900.
 -29.614902  1000.
 -28.2422328  1100.
 -26.9278182  1200.
 -25.6695631  1300.
 -24.4654304  1400.
 -23.3134402  1500.
 -22.2116684  1600.
 -21.1582466  1700.
 -20.1513606  1800.
 -19.1892498  1900.
 -18.2702062  2000.
 -17.3925733  2100.
 -16.5547456  2200.
 -15.7551672  2300.
 -14.9923308  2400.
 -14.264777  2500.
 -13.5710935  2600.
 -12.9099132  2700.
 -12.2799145  2800.
 -11.679819  2900.
 -11.1083917  3000.
 -10.564439  3100.
 -10.0468084  3200.
 -9.5543872  3300.
 -9.0861016  3400.
 -8.64091571  3500.
 -8.21783058  3600.
 -7.81588325  3700.
 -7.43414581  3800.
 -7.07172441  3900.
 -6.72775838  4000.
 -6.4014193  4100.
 -6.09191005  4200.
 -5.79846396  4300.
 -5.52034388  4400.
 -5.25684136  4500.
 -5.00727573  4600.
 -4.7709933  4700.
 -4.54736652  4800.
 -4.33579313  4900.
 -4.1356954  5000.
 -3.94651932  5100.
 -3.76773385  5200.
 -3.5988301  5300.
 -3.4393207  5400.
 -3.28873895  5500.
 -3.14663821  5600.
 -3.01259115  5700.
 -2.88618909  5800.
 -2.76704134  5900.
 -2.65477456  6000.
 -2.54903212  6100.
 -2.44947347  6200.
 -2.35577358  6300.
 -2.26762235  6400.
 -2.184724  6500.
 -2.10679658  6600.
 -2.03357138  6700.
 -1.96479247  6800.
 -1.90021613  6900.
 -1.83961039  7000.
 -1.78275459  7100.
 -1.72943883  7200.
 -1.67946363  7300.
 -1.6326394  7400.
 -1.58878608  7500.
 -1.54773274  7600.
 -1.50931714  7700.
 -1.47338539  7800.
 -1.43979157  7900.
 -1.40839739  8000.
 -1.37907182  8100.
 -1.3516908  8200.
 -1.32613688  8300.
 -1.30229898  8400.
 -1.280072  8500.
 -1.25935663  8600.
 -1.24005903  8700.
 -1.22209056  8800.
 -1.20536757  8900.
 -1.18981112  9000.
 -1.17534676  9100.
 -1.16190431  9200.
 -1.14941765  9300.
 -1.1378245  9400.
 -1.12706625  9500.
 -1.11708773  9600.
 -1.10783709  9700.
 -1.09926558  9800.
 -1.09132737  9900.
 -1.08397948  10000.
 -1.07718152  10100.
 -1.07089563  10200.
 -1.06508631  10300.
 -1.05972027  10400.
 -1.05476636  10500.
 -1.05019538  10600.
 -1.04598005  10700.
 -1.04209483  10800.
 -1.03851586  10900.
 -1.03522084  11000.
 -1.03218896  11100.
 -1.02940079  11200.
 -1.02683821  11300.
 -1.02448434  11400.
 -1.02232344  11500.
 -1.02034087  11600.
 -1.01852299  11700.
 -1.01685712  11800.
 -1.01533147  11900.
 -1.0139351  12000.
 -1.01265784  12100.
 -1.01149026  12200.
 -1.01042361  12300.
 -1.00944978  12400.
 -1.00856127  12500.
 -1.00775112  12600.
 -1.0070129  12700.
 -1.00634068  12800.
 -1.00572896  12900.
 -1.00517266  13000.
 -1.00466711  13100.
 -1.00420799  13200.
 -1.00379133  13300.
 -1.00341347  13400.
 -1.00307102  13500.
 -1.0027609  13600.
 -1.00248025  13700.
 -1.00222646  13800.
 -1.00199712  13900.
 -1.00179004  14000.
 -1.00160318  14100.
 -1.00143471  14200.
 -1.00128293  14300.
 -1.0011463  14400.
 -1.00102339  14500.
 -1.00091291  14600.
 -1.00081369  14700.
 -1.00072465  14800.
 -1.00064481  14900.
 -1.00057328  15000.
 -1.00050925  15100.
 -1.00045198  15200.
 -1.00040079  15300.
 -1.00035509  15400.
 -1.00031432  15500.
 -1.00027797  15600.
 -1.00024561  15700.
 -1.00021681  15800.
 -1.0001912  15900.
 -1.00016846  16000.
 -1.00014829  16100.
 -1.0001304  16200.
 -1.00011456  16300.
 -1.00010054  16400.
 -1.00008815  16500.
 -1.00007721  16600.
 -1.00006755  16700.
 -1.00005905  16800.
 -1.00005156  16900.
 -1.00004497  17000.
 -1.00003918  17100.
 -1.0000341  17200.
 -1.00002964  17300.
 -1.00002574  17400.
 -1.00002233  17500.
 -1.00001935  17600.
 -1.00001674  17700.
 -1.00001447  17800.
 -1.00001249  17900.
 -1.00001077  18000.
 -1.00000928  18100.
 -1.00000798  18200.
 -1.00000686  18300.
 -1.00000589  18400.
 -1.00000504  18500.
 -1.00000432  18600.
 -1.00000369  18700.
 -1.00000315  18800.
 -1.00000269  18900.
 -1.00000229  19000.
 -1.00000195  19100.
 -1.00000165  19200.
 -1.0000014  19300.
 -1.00000119  19400.
 -1.00000101  19500.
 -1.00000085  19600.
 -1.00000072  19700.
 -1.00000061  19800.
 -1.00000051  19900.
 -1.00000043  20000.
 -99999.  0.
 temp: -70.
 -195.806603 -2000.
 -188.349508 -1900.
 -181.134083 -1800.
 -174.15434 -1700.
 -167.404367 -1600.
 -160.878325 -1500.
 -154.570454 -1400.
 -148.475073 -1300.
 -142.586583 -1200.
 -136.899468 -1100.
 -131.408298 -1000.
 -126.107728 -900.
 -120.992503 -800.
 -116.057453 -700.
 -111.297502 -600.
 -106.707661 -500.
 -102.283033 -400.
 -98.0188138 -300.
 -93.9102893 -200.
 -89.9528385 -100.
 -86.1419331  0.
 -82.4731365  100.
 -78.9421051  200.
 -75.5445872  300.
 -72.2764231  400.
 -69.1335448  500.
 -66.1119755  600.
 -63.2078291  700.
 -60.4173097  800.
 -57.7367108  900.
 -55.1624148  1000.
 -52.6908922  1100.
 -50.3187005  1200.
 -48.0424835  1300.
 -45.8589707  1400.
 -43.7649757  1500.
 -41.7573954  1600.
 -39.8332092  1700.
 -37.9894775  1800.
 -36.2233411  1900.
 -34.5320192  2000.
 -32.9128089  2100.
 -31.3630839  2200.
 -29.8802927  2300.
 -28.4619582  2400.
 -27.1056757  2500.
 -25.8091117  2600.
 -24.5700029  2700.
 -23.3861548  2800.
 -22.25544  2900.
 -21.1757973  3000.
 -20.1452301  3100.
 -19.1618051  3200.
 -18.223651  3300.
 -17.3289571  3400.
 -16.4759719  3500.
 -15.663002  3600.
 -14.8884103  3700.
 -14.150615  3800.
 -13.4480884  3900.
 -12.7793551  4000.
 -12.1429911  4100.
 -11.5376225  4200.
 -10.9619237  4300.
 -10.4146169  4400.
 -9.89447022  4500.
 -9.40029668  4600.
 -8.93095301  4700.
 -8.48533833  4800.
 -8.06239303  4900.
 -7.66109752  5000.
 -7.28047113  5100.
 -6.91957091  5200.
 -6.57749051  5300.
 -6.2533591  5400.
 -5.94634026  5500.
 -5.65563089  5600.
 -5.38046019  5700.
 -5.12008862  5800.
 -4.87380689  5900.
 -4.64093495  6000.
 -4.42082107  6100.
 -4.21284083  6200.
 -4.01639627  6300.
 -3.8309149  6400.
 -3.65584887  6500.
 -3.49067409  6600.
 -3.33488942  6700.
 -3.18801576  6800.
 -3.04959537  6900.
 -2.91919097  7000.
 -2.79638509  7100.
 -2.68077922  7200.
 -2.5719932  7300.
 -2.46966443  7400.
 -2.37344726  7500.
 -2.28301226  7600.
 -2.19804565  7700.
 -2.11824862  7800.
 -2.04333678  7900.
 -1.97303951  8000.
 -1.90709945  8100.
 -1.84527194  8200.
 -1.78732447  8300.
 -1.73303616  8400.
 -1.68219731  8500.
 -1.63460887  8600.
 -1.59008199  8700.
 -1.5484376  8800.
 -1.50950593  8900.
 -1.47312613  9000.
 -1.43914585  9100.
 -1.40742087  9200.
 -1.37781469  9300.
 -1.35019822  9400.
 -1.32444939  9500.
 -1.30045285  9600.
 -1.27809962  9700.
 -1.25728682  9800.
 -1.23791734  9900.
 -1.21989956  10000.
 -1.20314711  10100.
 -1.18757858  10200.
 -1.17311726  10300.
 -1.15969094  10400.
 -1.14723165  10500.
 -1.13567545  10600.
 -1.1249622  10700.
 -1.11503542  10800.
 -1.10584201  10900.
 -1.09733214  11000.
 -1.08945905  11100.
 -1.08217885  11200.
 -1.07545042  11300.
 -1.06923523  11400.
 -1.06349718  11500.
 -1.05820247  11600.
 -1.0533195  11700.
 -1.04881871  11800.
 -1.04467247  11900.
 -1.04085497  12000.
 -1.03734211  12100.
 -1.03411141  12200.
 -1.0311419  12300.
 -1.02841403  12400.
 -1.02590959  12500.
 -1.02361163  12600.
 -1.02150437  12700.
 -1.01957313  12800.
 -1.01780428  12900.
 -1.01618513  13000.
 -1.01470394  13100.
 -1.01334978  13200.
 -1.01211253  13300.
 -1.01098281  13400.
 -1.00995193  13500.
 -1.00901184  13600.
 -1.0081551  13700.
 -1.00737483  13800.
 -1.00666467  13900.
 -1.00601876  14000.
 -1.00543167  14100.
 -1.00489842  14200.
 -1.00441439  14300.
 -1.00397535  14400.
 -1.00357739  14500.
 -1.00321692  14600.
 -1.00289064  14700.
 -1.00259553  14800.
 -1.0023288  14900.
 -1.00208789  15000.
 -1.00187047  15100.
 -1.0016744  15200.
 -1.00149771  15300.
 -1.0013386  15400.
 -1.00119544  15500.
 -1.00106674  15600.
 -1.00095111  15700.
 -1.00084732  15800.
 -1.00075423  15900.
 -1.0006708  16000.
 -1.0005961  16100.
 -1.00052925  16200.
 -1.0004695  16300.
 -1.00041613  16400.
 -1.0003685  16500.
 -1.00032602  16600.
 -1.00028818  16700.
 -1.0002545  16800.
 -1.00022455  16900.
 -1.00019794  17000.
 -1.00017432  17100.
 -1.00015336  17200.
 -1.0001348  17300.
 -1.00011837  17400.
 -1.00010384  17500.
 -1.000091  17600.
 -1.00007966  17700.
 -1.00006967  17800.
 -1.00006087  17900.
 -1.00005312  18000.
 -1.00004631  18100.
 -1.00004033  18200.
 -1.00003509  18300.
 -1.00003049  18400.
 -1.00002646  18500.
 -1.00002295  18600.
 -1.00001987  18700.
 -1.00001719  18800.
 -1.00001485  18900.
 -1.00001282  19000.
 -1.00001105  19100.
 -1.00000951  19200.
 -1.00000818  19300.
 -1.00000703  19400.
 -1.00000603  19500.
 -1.00000517  19600.
 -1.00000442  19700.
 -1.00000378  19800.
 -1.00000322  19900.
 -1.00000275  20000.
 -99999.  0.
 temp: -65.
 -337.427186 -2000.
 -325.128629 -1900.
 -313.208741 -1800.
 -301.658716 -1700.
 -290.469844 -1600.
 -279.63351 -1500.
 -269.141203 -1400.
 -258.984511 -1300.
 -249.155134 -1200.
 -239.64488 -1100.
 -230.445669 -1000.
 -221.549536 -900.
 -212.948634 -800.
 -204.635232 -700.
 -196.601724 -600.
 -188.840622 -500.
 -181.344563 -400.
 -174.106307 -300.
 -167.118743 -200.
 -160.374881 -100.
 -153.867862  0.
 -147.590951  100.
 -141.537544  200.
 -135.701161  300.
 -130.075453  400.
 -124.654196  500.
 -119.431295  600.
 -114.400781  700.
 -109.556813  800.
 -104.893676  900.
 -100.405778  1000.
 -96.0876538  1100.
 -91.9339626  1200.
 -87.9394853  1300.
 -84.0991249  1400.
 -80.4079053  1500.
 -76.8609704  1600.
 -73.4535822  1700.
 -70.18112  1800.
 -67.0390791  1900.
 -64.023069  2000.
 -61.1288126  2100.
 -58.3521441  2200.
 -55.6890076  2300.
 -53.1354558  2400.
 -50.6876483  2500.
 -48.3418498  2600.
 -46.0944286  2700.
 -43.9418547  2800.
 -41.8806985  2900.
 -39.9076285  3000.
 -38.01941  3100.
 -36.2129034  3200.
 -34.4850618  3300.
 -32.8329298  3400.
 -31.2536418  3500.
 -29.7444196  3600.
 -28.302571  3700.
 -26.925488  3800.
 -25.610645  3900.
 -24.3555969  4000.
 -23.1579773  4100.
 -22.0154968  4200.
 -20.9259413  4300.
 -19.88717  4400.
 -18.8971139  4500.
 -17.9537738  4600.
 -17.0552189  4700.
 -16.1995848  4800.
 -15.3850719  4900.
 -14.6099439  5000.
 -13.8725257  5100.
 -13.1712023  5200.
 -12.5044168  5300.
 -11.8706689  5400.
 -11.2685136  5500.
 -10.6965591  5600.
 -10.1534657  5700.
 -9.63794418  5800.
 -9.14875435  5900.
 -8.68470351  6000.
 -8.24464506  6100.
 -7.82747712  6200.
 -7.43214115  6300.
 -7.05762056  6400.
 -6.70293942  6500.
 -6.36716115  6600.
 -6.04938725  6700.
 -5.74875604  6800.
 -5.46444146  6900.
 -5.19565187  7000.
 -4.9416289  7100.
 -4.70164627  7200.
 -4.47500873  7300.
 -4.26105096  7400.
 -4.0591365  7500.
 -3.86865672  7600.
 -3.68902982  7700.
 -3.51969987  7800.
 -3.36013584  7900.
 -3.20983064  8000.
 -3.0683003  8100.
 -2.93508301  8200.
 -2.80973833  8300.
 -2.69184632  8400.
 -2.58100676  8500.
 -2.47683836  8600.
 -2.37897802  8700.
 -2.28708009  8800.
 -2.20081564  8900.
 -2.1198718  9000.
 -2.04395108  9100.
 -1.97277074  9200.
 -1.90606214  9300.
 -1.84357018  9400.
 -1.78505268  9500.
 -1.73027982  9600.
 -1.67903363  9700.
 -1.63110743  9800.
 -1.58630535  9900.
 -1.54444184  10000.
 -1.50534116  10100.
 -1.46883702  10200.
 -1.43477203  10300.
 -1.40299739  10400.
 -1.3733724  10500.
 -1.34576413  10600.
 -1.32004701  10700.
 -1.29610253  10800.
 -1.27381882  10900.
 -1.25309036  11000.
 -1.2338177  11100.
 -1.21590709  11200.
 -1.19927022  11300.
 -1.18382398  11400.
 -1.16949011  11500.
 -1.15619503  11600.
 -1.14386955  11700.
 -1.13244865  11800.
 -1.12187125  11900.
 -1.11208003  12000.
 -1.10302117  12100.
 -1.09464421  12200.
 -1.08690185  12300.
 -1.07974976  12400.
 -1.07314643  12500.
 -1.067053  12600.
 -1.06143311  12700.
 -1.05625279  12800.
 -1.05148024  12900.
 -1.04708581  13000.
 -1.04304178  13100.
 -1.0393223  13200.
 -1.03590326  13300.
 -1.03276219  13400.
 -1.02987815  13500.
 -1.02723164  13600.
 -1.02480453  13700.
 -1.02257995  13800.
 -1.02054221  13900.
 -1.01867675  14000.
 -1.01697003  14100.
 -1.01540951  14200.
 -1.01398355  14300.
 -1.01268135  14400.
 -1.01149293  14500.
 -1.01040904  14600.
 -1.00942111  14700.
 -1.00852124  14800.
 -1.00770211  14900.
 -1.00695697  15000.
 -1.00627958  15100.
 -1.00566421  15200.
 -1.00510556  15300.
 -1.00459874  15400.
 -1.00413926  15500.
 -1.003723  15600.
 -1.00334616  15700.
 -1.00300524  15800.
 -1.00269704  15900.
 -1.00241863  16000.
 -1.00216731  16100.
 -1.00194062  16200.
 -1.00173629  16300.
 -1.00155226  16400.
 -1.00138664  16500.
 -1.00123769  16600.
 -1.00110386  16700.
 -1.00098369  16800.
 -1.00087589  16900.
 -1.00077924  17000.
 -1.00069268  17100.
 -1.00061521  17200.
 -1.00054594  17300.
 -1.00048404  17400.
 -1.00042879  17500.
 -1.0003795  17600.
 -1.00033558  17700.
 -1.00029647  17800.
 -1.00026168  17900.
 -1.00023076  18000.
 -1.00020331  18100.
 -1.00017895  18200.
 -1.00015735  18300.
 -1.00013823  18400.
 -1.00012132  18500.
 -1.00010636  18600.
 -1.00009316  18700.
 -1.00008152  18800.
 -1.00007125  18900.
 -1.00006222  19000.
 -1.00005427  19100.
 -1.00004729  19200.
 -1.00004116  19300.
 -1.00003579  19400.
 -1.00003108  19500.
 -1.00002697  19600.
 -1.00002337  19700.
 -1.00002023  19800.
 -1.00001749  19900.
 -1.0000151  20000.
 -99999.  0.
 temp: -60.
 -567.822109 -2000.
 -548.026276 -1900.
 -528.80948 -1800.
 -510.159105 -1700.
 -492.062649 -1600.
 -474.507728 -1500.
 -457.482087 -1400.
 -440.973596 -1300.
 -424.970262 -1200.
 -409.460231 -1100.
 -394.431791 -1000.
 -379.873377 -900.
 -365.773575 -800.
 -352.121122 -700.
 -338.904914 -600.
 -326.114003 -500.
 -313.737604 -400.
 -301.765094 -300.
 -290.186017 -200.
 -278.990081 -100.
 -268.167165  0.
 -257.707314  100.
 -247.600746  200.
 -237.83785  300.
 -228.409185  400.
 -219.305484  500.
 -210.51765  600.
 -202.036761  700.
 -193.854066  800.
 -185.960985  900.
 -178.349112  1000.
 -171.010212  1100.
 -163.936217  1200.
 -157.119234  1300.
 -150.551534  1400.
 -144.225559  1500.
 -138.133916  1600.
 -132.269378  1700.
 -126.624881  1800.
 -121.193526  1900.
 -115.968572  2000.
 -110.943439  2100.
 -106.111706  2200.
 -101.467105  2300.
 -97.0035253  2400.
 -92.7150069  2500.
 -88.5957406  2600.
 -84.6400654  2700.
 -80.8424672  2800.
 -77.1975756  2900.
 -73.7001628  3000.
 -70.345141  3100.
 -67.12756  3200.
 -64.0426055  3300.
 -61.0855962  3400.
 -58.2519824  3500.
 -55.5373427  3600.
 -52.9373826  3700.
 -50.4479315  3800.
 -48.0649409  3900.
 -45.7844816  4000.
 -43.6027417  4100.
 -41.5160241  4200.
 -39.5207443  4300.
 -37.6134278  4400.
 -35.7907079  4500.
 -34.0493237  4600.
 -32.3861171  4700.
 -30.7980311  4800.
 -29.282107  4900.
 -27.8354828  5000.
 -26.4553901  5100.
 -25.1391526  5200.
 -23.8841834  5300.
 -22.6879829  5400.
 -21.5481367  5500.
 -20.4623134  5600.
 -19.4282625  5700.
 -18.4438121  5800.
 -17.5068671  5900.
 -16.6154069  6000.
 -15.7674835  6100.
 -14.9612196  6200.
 -14.1948062  6300.
 -13.4665011  6400.
 -12.7746269  6500.
 -12.1175691  6600.
 -11.493774  6700.
 -10.9017472  6800.
 -10.3400517  6900.
 -9.8073064  7000.
 -9.30218379  7100.
 -8.82340883  7200.
 -8.36975709  7300.
 -7.9400531  7400.
 -7.53316886  7500.
 -7.14802224  7600.
 -6.78357547  7700.
 -6.43883369  7800.
 -6.11284346  7900.
 -5.80469141  8000.
 -5.51350281  8100.
 -5.23844024  8200.
 -4.9787023  8300.
 -4.73352231  8400.
 -4.50216708  8500.
 -4.28393568  8600.
 -4.07815828  8700.
 -3.88419499  8800.
 -3.70143475  8900.
 -3.52929423  9000.
 -3.3672168  9100.
 -3.21467147  9200.
 -3.07115193  9300.
 -2.93617556  9400.
 -2.80928252  9500.
 -2.69003481  9600.
 -2.57801539  9700.
 -2.47282738  9800.
 -2.37409317  9900.
 -2.28145364  10000.
 -2.19456741  10100.
 -2.11311008  10200.
 -2.03677349  10300.
 -1.96526505  10400.
 -1.89830703  10500.
 -1.83563595  10600.
 -1.77700192  10700.
 -1.72216806  10800.
 -1.6709099  10900.
 -1.62301482  11000.
 -1.57828149  11100.
 -1.53651939  11200.
 -1.49754829  11300.
 -1.46119774  11400.
 -1.42730664  11500.
 -1.39572279  11600.
 -1.36630244  11700.
 -1.3389099  11800.
 -1.31341714  11900.
 -1.28970341  12000.
 -1.26765487  12100.
 -1.24716425  12200.
 -1.22813052  12300.
 -1.21045856  12400.
 -1.19405887  12500.
 -1.17884727  12600.
 -1.16474461  12700.
 -1.15167651  12800.
 -1.13957314  12900.
 -1.12836891  13000.
 -1.1180023  13100.
 -1.10841558  13200.
 -1.09955467  13300.
 -1.09136888  13400.
 -1.08381073  13500.
 -1.07683581  13600.
 -1.07040254  13700.
 -1.06447206  13800.
 -1.05900804  13900.
 -1.05397655  14000.
 -1.04934591  14100.
 -1.04508657  14200.
 -1.04117095  14300.
 -1.03757337  14400.
 -1.03426988  14500.
 -1.03123819  14600.
 -1.02845757  14700.
 -1.02590872  14800.
 -1.02357371  14900.
 -1.02143588  15000.
 -1.01947976  15100.
 -1.01769099  15200.
 -1.01605628  15300.
 -1.01456327  15400.
 -1.01320054  15500.
 -1.01195751  15600.
 -1.01082438  15700.
 -1.00979211  15800.
 -1.00885233  15900.
 -1.00799731  16000.
 -1.00721993  16100.
 -1.00651361  16200.
 -1.00587229  16300.
 -1.00529038  16400.
 -1.00476274  16500.
 -1.00428465  16600.
 -1.00385175  16700.
 -1.00346005  16800.
 -1.00310588  16900.
 -1.00278589  17000.
 -1.00249698  17100.
 -1.00223632  17200.
 -1.00200133  17300.
 -1.00178964  17400.
 -1.00159909  17500.
 -1.00142769  17600.
 -1.00127364  17700.
 -1.00113529  17800.
 -1.00101115  17900.
 -1.00089983  18000.
 -1.0008001  18100.
 -1.00071082  18200.
 -1.00063097  18300.
 -1.0005596  18400.
 -1.00049588  18500.
 -1.00043902  18600.
 -1.00038834  18700.
 -1.0003432  18800.
 -1.00030303  18900.
 -1.00026732  19000.
 -1.00023559  19100.
 -1.00020744  19200.
 -1.00018248  19300.
 -1.00016037  19400.
 -1.0001408  19500.
 -1.00012349  19600.
 -1.00010821  19700.
 -1.00009472  19800.
 -1.00008283  19900.
 -1.00007236  20000.
 -99999.  0.
 temp: -55.
 -934.470244 -2000.
 -903.312969 -1900.
 -873.021467 -1800.
 -843.578092 -1700.
 -814.965332 -1600.
 -787.165809 -1500.
 -760.162298 -1400.
 -733.937722 -1300.
 -708.475169 -1200.
 -683.757895 -1100.
 -659.769328 -1000.
 -636.493078 -900.
 -613.912938 -800.
 -592.012892 -700.
 -570.77712 -600.
 -550.19 -500.
 -530.236113 -400.
 -510.900247 -300.
 -492.1674 -200.
 -474.022784 -100.
 -456.451825  0.
 -439.440167  100.
 -422.973676  200.
 -407.038438  300.
 -391.620763  400.
 -376.707188  500.
 -362.284473  600.
 -348.339606  700.
 -334.859803  800.
 -321.832506  900.
 -309.245386  1000.
 -297.086344  1100.
 -285.343505  1200.
 -274.005224  1300.
 -263.060082  1400.
 -252.496886  1500.
 -242.304667  1600.
 -232.472682  1700.
 -222.990411  1800.
 -213.847553  1900.
 -205.034031  2000.
 -196.539982  2100.
 -188.355763  2200.
 -180.471944  2300.
 -172.879311  2400.
 -165.568858  2500.
 -158.531788  2600.
 -151.759513  2700.
 -145.243646  2800.
 -138.976005  2900.
 -132.948606  3000.
 -127.153662  3100.
 -121.583581  3200.
 -116.230961  3300.
 -111.088593  3400.
 -106.14945  3500.
 -101.40669  3600.
 -96.8536536  3700.
 -92.4838571  3800.
 -88.2909928  3900.
 -84.2689247  4000.
 -80.4116863  4100.
 -76.7134772  4200.
 -73.1686603  4300.
 -69.7717589  4400.
 -66.5174533  4500.
 -63.4005785  4600.
 -60.4161205  4700.
 -57.5592139  4800.
 -54.8251385  4900.
 -52.2093165  5000.
 -49.7073093  5100.
 -47.3148151  5200.
 -45.0276651  5300.
 -42.8418214  5400.
 -40.7533736  5500.
 -38.7585358  5600.
 -36.8536443  5700.
 -35.0351539  5800.
 -33.299636  5900.
 -31.6437749  6000.
 -30.0643659  6100.
 -28.5583117  6200.
 -27.1226203  6300.
 -25.754402  6400.
 -24.450867  6500.
 -23.2093225  6600.
 -22.0271702  6700.
 -20.901904  6800.
 -19.8311071  6900.
 -18.8124497  7000.
 -17.8436868  7100.
 -16.9226554  7200.
 -16.0472724  7300.
 -15.2155323  7400.
 -14.4255046  7500.
 -13.675332  7600.
 -12.9632281  7700.
 -12.287475  7800.
 -11.6464214  7900.
 -11.0384806  8000.
 -10.4621282  8100.
 -9.91590051  8200.
 -9.39839219  8300.
 -8.90825465  8400.
 -8.44419409  8500.
 -8.00496968  8600.
 -7.5893918  8700.
 -7.19632031  8800.
 -6.82466288  8900.
 -6.47337331  9000.
 -6.14144993  9100.
 -5.82793404  9200.
 -5.53190839  9300.
 -5.25249569  9400.
 -4.98885715  9500.
 -4.74019107  9600.
 -4.5057315  9700.
 -4.28474685  9800.
 -4.07653867  9900.
 -3.88044033  10000.
 -3.69581581  10100.
 -3.52205856  10200.
 -3.35859027  10300.
 -3.20485984  10400.
 -3.06034221  10500.
 -2.9245374  10600.
 -2.79696943  10700.
 -2.67718535  10800.
 -2.56475432  10900.
 -2.45926665  11000.
 -2.36033293  11100.
 -2.26758317  11200.
 -2.18066596  11300.
 -2.09924768  11400.
 -2.02301172  11500.
 -1.95165771  11600.
 -1.88490084  11700.
 -1.82247114  11800.
 -1.76411281  11900.
 -1.70958359  12000.
 -1.65865411  12100.
 -1.61110732  12200.
 -1.56673793  12300.
 -1.52535178  12400.
 -1.48676542  12500.
 -1.4508055  12600.
 -1.41730833  12700.
 -1.38611942  12800.
 -1.35709299  12900.
 -1.33009156  13000.
 -1.30498554  13100.
 -1.28165282  13200.
 -1.25997839  13300.
 -1.23985398  13400.
 -1.22117773  13500.
 -1.20385382  13600.
 -1.18779216  13700.
 -1.17290813  13800.
 -1.15912223  13900.
 -1.14635982  14000.
 -1.1345509  14100.
 -1.12362978  14200.
 -1.11353491  14300.
 -1.10420861  14400.
 -1.09559687  14500.
 -1.08764911  14600.
 -1.08031806  14700.
 -1.07355947  14800.
 -1.06733201  14900.
 -1.06159707  15000.
 -1.05631861  15100.
 -1.05146298  15200.
 -1.04699882  15300.
 -1.04289688  15400.
 -1.03912991  15500.
 -1.03567256  15600.
 -1.03250121  15700.
 -1.02959391  15800.
 -1.02693024  15900.
 -1.02449125  16000.
 -1.02225932  16100.
 -1.02021811  16200.
 -1.01835248  16300.
 -1.01664836  16400.
 -1.01509276  16500.
 -1.01367361  16600.
 -1.01237978  16700.
 -1.01120095  16800.
 -1.0101276  16900.
 -1.00915092  17000.
 -1.0082628  17100.
 -1.00745574  17200.
 -1.00672284  17300.
 -1.00605774  17400.
 -1.00545457  17500.
 -1.00490795  17600.
 -1.00441292  17700.
 -1.00396493  17800.
 -1.0035598  17900.
 -1.00319369  18000.
 -1.00286309  18100.
 -1.00256476  18200.
 -1.00229576  18300.
 -1.00205338  18400.
 -1.00183516  18500.
 -1.00163884  18600.
 -1.00146235  18700.
 -1.00130382  18800.
 -1.00116153  18900.
 -1.00103392  19000.
 -1.00091957  19100.
 -1.00081717  19200.
 -1.00072557  19300.
 -1.00064368  19400.
 -1.00057054  19500.
 -1.00050527  19600.
 -1.00044707  19700.
 -1.00039522  19800.
 -1.00034907  19900.
 -1.00030802  20000.
 -99999.  0.
 temp: -50.
 -1506.12828 -2000.
 -1458.09626 -1900.
 -1411.33211 -1800.
 -1365.81169 -1700.
 -1321.51104 -1600.
 -1278.4063 -1500.
 -1236.47381 -1400.
 -1195.69006 -1300.
 -1156.03174 -1200.
 -1117.47573 -1100.
 -1079.99909 -1000.
 -1043.57913 -900.
 -1008.19334 -800.
 -973.819464 -700.
 -940.435463 -600.
 -908.019546 -500.
 -876.550168 -400.
 -846.006033 -300.
 -816.366107 -200.
 -787.609615 -100.
 -759.716051  0.
 -732.665181  100.
 -706.437045  200.
 -681.011964  300.
 -656.370537  400.
 -632.493652  500.
 -609.36248  600.
 -586.958486  700.
 -565.263421  800.
 -544.259332  900.
 -523.928558  1000.
 -504.253734  1100.
 -485.217789  1200.
 -466.80395  1300.
 -448.995736  1400.
 -431.776966  1500.
 -415.131753  1600.
 -399.044505  1700.
 -383.499924  1800.
 -368.483007  1900.
 -353.97904  2000.
 -339.973604  2100.
 -326.452567  2200.
 -313.402087  2300.
 -300.808604  2400.
 -288.658847  2500.
 -276.939823  2600.
 -265.638822  2700.
 -254.743408  2800.
 -244.241423  2900.
 -234.120979  3000.
 -224.370458  3100.
 -214.978508  3200.
 -205.934044  3300.
 -197.226237  3400.
 -188.844518  3500.
 -180.778572  3600.
 -173.018336  3700.
 -165.553994  3800.
 -158.375972  3900.
 -151.474942  4000.
 -144.84181  4100.
 -138.467715  4200.
 -132.344029  4300.
 -126.46235  4400.
 -120.814499  4500.
 -115.392514  4600.
 -110.188652  4700.
 -105.19538  4800.
 -100.405374  4900.
 -95.8115148  5000.
 -91.406882  5100.
 -87.1847539  5200.
 -83.1386013  5300.
 -79.2620845  5400.
 -75.5490494  5500.
 -71.9935238  5600.
 -68.5897136  5700.
 -65.3319992  5800.
 -62.2149317  5900.
 -59.2332293  6000.
 -56.3817734  6100.
 -53.6556054  6200.
 -51.0499227  6300.
 -48.5600753  6400.
 -46.1815621  6500.
 -43.9100277  6600.
 -41.7412586  6700.
 -39.6711799  6800.
 -37.6958516  6900.
 -35.8114659  7000.
 -34.0143432  7100.
 -32.300929  7200.
 -30.667791  7300.
 -29.1116153  7400.
 -27.6292038  7500.
 -26.2174708  7600.
 -24.8734398  7700.
 -23.5942409  7800.
 -22.3771076  7900.
 -21.2193738  8000.
 -20.118471  8100.
 -19.0719255  8200.
 -18.0773557  8300.
 -17.1324694  8400.
 -16.2350608  8500.
 -15.3830084  8600.
 -14.5742719  8700.
 -13.8068902  8800.
 -13.0789786  8900.
 -12.3887264  9000.
 -11.7343947  9100.
 -11.114314  9200.
 -10.5268821  9300.
 -9.97056163  9400.
 -9.44387795  9500.
 -8.94541725  9600.
 -8.47382433  9700.
 -8.02780064  9800.
 -7.6061023  9900.
 -7.20753825  10000.
 -6.83096831  10100.
 -6.47530147  10200.
 -6.13949404  10300.
 -5.82254799  10400.
 -5.52350926  10500.
 -5.24146614  10600.
 -4.97554771  10700.
 -4.72492229  10800.
 -4.48879593  10900.
 -4.26641101  11000.
 -4.05704484  11100.
 -3.86000823  11200.
 -3.67464424  11300.
 -3.50032689  11400.
 -3.33645987  11500.
 -3.18247542  11600.
 -3.03783309  11700.
 -2.90201867  11800.
 -2.77454307  11900.
 -2.65494128  12000.
 -2.54277135  12100.
 -2.43761342  12200.
 -2.33906875  12300.
 -2.24675881  12400.
 -2.16032442  12500.
 -2.07942484  12600.
 -2.00373702  12700.
 -1.93295475  12800.
 -1.86678793  12900.
 -1.80496182  13000.
 -1.74721634  13100.
 -1.69330538  13200.
 -1.64299616  13300.
 -1.59606857  13400.
 -1.55231462  13500.
 -1.5115378  13600.
 -1.47355257  13700.
 -1.43818379  13800.
 -1.40526623  13900.
 -1.37464406  14000.
 -1.34617041  14100.
 -1.31970688  14200.
 -1.29512312  14300.
 -1.27229644  14400.
 -1.25111138  14500.
 -1.23145936  14600.
 -1.21323831  14700.
 -1.1963523  14800.
 -1.18071125  14900.
 -1.1662306  15000.
 -1.15283098  15100.
 -1.14043799  15200.
 -1.12898185  15300.
 -1.1183972  15400.
 -1.10862283  15500.
 -1.09960145  15600.
 -1.09127945  15700.
 -1.08360671  15800.
 -1.07653637  15900.
 -1.07002468  16000.
 -1.06403079  16100.
 -1.05851656  16200.
 -1.05344643  16300.
 -1.04878727  16400.
 -1.04450819  16500.
 -1.04058042  16600.
 -1.03697721  16700.
 -1.03367367  16800.
 -1.03064666  16900.
 -1.02787466  17000.
 -1.02533772  17100.
 -1.02301731  17200.
 -1.02089623  17300.
 -1.01895857  17400.
 -1.01718955  17500.
 -1.01557551  17600.
 -1.0141038  17700.
 -1.01276274  17800.
 -1.0115415  17900.
 -1.01043012  18000.
 -1.00941936  18100.
 -1.00850072  18200.
 -1.00766638  18300.
 -1.0069091  18400.
 -1.00622225  18500.
 -1.00559968  18600.
 -1.00503579  18700.
 -1.0045254  18800.
 -1.00406377  18900.
 -1.00364652  19000.
 -1.00326967  19100.
 -1.00292956  19200.
 -1.00262283  19300.
 -1.00234641  19400.
 -1.00209749  19500.
 -1.0018735  19600.
 -1.00167211  19700.
 -1.00149117  19800.
 -1.00132874  19900.
 -1.00118303  20000.
 -99999.  0.
 temp: -45.
 -2380.58122 -2000.
 -2307.95073 -1900.
 -2237.14138 -1800.
 -2168.12088 -1700.
 -2100.85708 -1600.
 -2035.31796 -1500.
 -1971.47169 -1400.
 -1909.2866 -1300.
 -1848.73121 -1200.
 -1789.77427 -1100.
 -1732.38474 -1000.
 -1676.5318 -900.
 -1622.18491 -800.
 -1569.31375 -700.
 -1517.8883 -600.
 -1467.87879 -500.
 -1419.25574 -400.
 -1371.98999 -300.
 -1326.05267 -200.
 -1281.41521 -100.
 -1238.04937  0.
 -1195.92724  100.
 -1155.02125  200.
 -1115.30414  300.
 -1076.74902  400.
 -1039.32934  500.
 -1003.0189  600.
 -967.79187  700.
 -933.622763  800.
 -900.486469  900.
 -868.358241  1000.
 -837.213704  1100.
 -807.028852  1200.
 -777.780056  1300.
 -749.444059  1400.
 -721.997984  1500.
 -695.419328  1600.
 -669.685967  1700.
 -644.776156  1800.
 -620.668526  1900.
 -597.342088  2000.
 -574.776227  2100.
 -552.950707  2200.
 -531.845665  2300.
 -511.441614  2400.
 -491.719436  2500.
 -472.660387  2600.
 -454.246089  2700.
 -436.458531  2800.
 -419.280067  2900.
 -402.693412  3000.
 -386.681638  3100.
 -371.228175  3200.
 -356.316807  3300.
 -341.931664  3400.
 -328.057226  3500.
 -314.678314  3600.
 -301.78009  3700.
 -289.348051  3800.
 -277.368026  3900.
 -265.826174  4000.
 -254.708976  4100.
 -244.003234  4200.
 -233.696068  4300.
 -223.774907  4400.
 -214.22749  4500.
 -205.041859  4600.
 -196.206354  4700.
 -187.709611  4800.
 -179.540554  4900.
 -171.688396  5000.
 -164.142628  5100.
 -156.893018  5200.
 -149.929608  5300.
 -143.242705  5400.
 -136.822879  5500.
 -130.660958  5600.
 -124.748025  5700.
 -119.075408  5800.
 -113.634683  5900.
 -108.417664  6000.
 -103.416397  6100.
 -98.6231623  6200.
 -94.0304625  6300.
 -89.6310224  6400.
 -85.4177827  6500.
 -81.3838958  6600.
 -77.5227213  6700.
 -73.8278214  6800.
 -70.2929563  6900.
 -66.9120804  7000.
 -63.6793369  7100.
 -60.5890545  7200.
 -57.6357421  7300.
 -54.8140853  7400.
 -52.1189419  7500.
 -49.5453375  7600.
 -47.0884616  7700.
 -44.7436636  7800.
 -42.5064485  7900.
 -40.3724732  8000.
 -38.3375423  8100.
 -36.3976044  8200.
 -34.5487483  8300.
 -32.7871993  8400.
 -31.1093152  8500.
 -29.5115828  8600.
 -27.9906148  8700.
 -26.5431453  8800.
 -25.1660273  8900.
 -23.8562288  9000.
 -22.6108294  9100.
 -21.4270174  9200.
 -20.3020862  9300.
 -19.2334314  9400.
 -18.2185476  9500.
 -17.2550255  9600.
 -16.3405485  9700.
 -15.4728904  9800.
 -14.6499123  9900.
 -13.8695597  10000.
 -13.1298598  10100.
 -12.4289191  10200.
 -11.7649204  10300.
 -11.1361207  10400.
 -10.5408485  10500.
 -9.97750112  10600.
 -9.44454294  10700.
 -8.9405026  10800.
 -8.46397095  10900.
 -8.01359889  11000.
 -7.58809515  11100.
 -7.1862243  11200.
 -6.8068047  11300.
 -6.44870654  11400.
 -6.11084993  11500.
 -5.79220307  11600.
 -5.49178042  11700.
 -5.20864095  11800.
 -4.94188648  11900.
 -4.69065999  12000.
 -4.45414404  12100.
 -4.23155922  12200.
 -4.02216263  12300.
 -3.82524645  12400.
 -3.6401365  12500.
 -3.46619092  12600.
 -3.30279877  12700.
 -3.14937883  12800.
 -3.00537833  12900.
 -2.87027175  13000.
 -2.74355966  13100.
 -2.62476762  13200.
 -2.5134451  13300.
 -2.40916444  13400.
 -2.31151983  13500.
 -2.22012637  13600.
 -2.13461911  13700.
 -2.05465219  13800.
 -1.97989792  13900.
 -1.910046  14000.
 -1.84480268  14100.
 -1.78389002  14200.
 -1.72704513  14300.
 -1.67401945  14400.
 -1.62457809  14500.
 -1.57849916  14600.
 -1.53557314  14700.
 -1.49560226  14800.
 -1.45839996  14900.
 -1.42379029  15000.
 -1.3916074  15100.
 -1.36169502  15200.
 -1.33390599  15300.
 -1.30810176  15400.
 -1.28415197  15500.
 -1.26193403  15600.
 -1.24133268  15700.
 -1.2222396  15800.
 -1.2045531  15900.
 -1.18817767  16000.
 -1.17302371  16100.
 -1.15900719  16200.
 -1.14604934  16300.
 -1.13407634  16400.
 -1.12301906  16500.
 -1.11281281  16600.
 -1.10339704  16700.
 -1.09471515  16800.
 -1.08671423  16900.
 -1.07934485  17000.
 -1.07256086  17100.
 -1.0663192  17200.
 -1.0605797  17300.
 -1.05530492  17400.
 -1.05045996  17500.
 -1.04601234  17600.
 -1.04193182  17700.
 -1.03819027  17800.
 -1.03476154  17900.
 -1.03162134  18000.
 -1.0287471  18100.
 -1.02611787  18200.
 -1.02371424  18300.
 -1.02151818  18400.
 -1.01951302  18500.
 -1.01768331  18600.
 -1.01601473  18700.
 -1.01449408  18800.
 -1.01310912  18900.
 -1.01184857  19000.
 -1.010702  19100.
 -1.00965979  19200.
 -1.00871307  19300.
 -1.00785368  19400.
 -1.00707408  19500.
 -1.00636736  19600.
 -1.00572714  19700.
 -1.00514758  19800.
 -1.00462329  19900.
 -1.00414934  20000.
 -99999.  0.
 temp: -40.
